0.000000000000000000e+00
5.877852522924731371e-01
9.510565162951535312e-01
9.510565162951536422e-01
5.877852522924732481e-01
1.224646799147353207e-16
-5.877852522924730261e-01
-9.510565162951535312e-01
-9.510565162951536422e-01
-5.877852522924733591e-01
-2.449293598294706414e-16
5.877852522924729151e-01
9.510565162951535312e-01
9.510565162951536422e-01
5.877852522924733591e-01
3.673940397442059375e-16
-5.877852522924728040e-01
-9.510565162951534202e-01
-9.510565162951537532e-01
-5.877852522924734702e-01
-4.898587196589412829e-16
5.877852522924726930e-01
9.510565162951534202e-01
9.510565162951537532e-01
5.877852522924735812e-01
6.123233995736766282e-16
-5.877852522924725820e-01
-9.510565162951534202e-01
-9.510565162951537532e-01
-5.877852522924736922e-01
-7.347880794884118750e-16
5.877852522924724710e-01
9.510565162951533091e-01
9.510565162951538642e-01
5.877852522924738032e-01
-2.695460919397353709e-15
-5.877852522924724710e-01
-9.510565162951533091e-01
-9.510565162951538642e-01
-5.877852522924739143e-01
-9.797174393178825657e-16
5.877852522924751355e-01
9.510565162951533091e-01
9.510565162951538642e-01
5.877852522924740253e-01
1.102182119232617911e-15
-5.877852522924722489e-01
-9.510565162951543083e-01
-9.510565162951539753e-01
-5.877852522924741363e-01
-1.224646799147353256e-15
5.877852522924750245e-01
9.510565162951531981e-01
9.510565162951528650e-01
5.877852522924742473e-01
-2.205602199738412328e-15
-5.877852522924720269e-01
-9.510565162951541973e-01
-9.510565162951539753e-01
-5.877852522924771339e-01
-1.469576158976823750e-15
5.877852522924690293e-01
9.510565162951530871e-01
9.510565162951529761e-01
5.877852522924743583e-01
-1.960672839908941637e-15
-5.877852522924718048e-01
-9.510565162951541973e-01
-9.510565162951540863e-01
-5.877852522924715828e-01
5.390921838794707418e-15
5.877852522924688072e-01
9.510565162951529761e-01
9.510565162951551965e-01
5.877852522924745804e-01
5.389683877521530518e-15
-5.877852522924715828e-01
-9.510565162951540863e-01
-9.510565162951541973e-01
-5.877852522924718048e-01
-1.959434878635765131e-15
5.877852522924743583e-01
9.510565162951551965e-01
9.510565162951530871e-01
5.877852522924748024e-01
5.634613237351001603e-15
-5.877852522924714718e-01
-9.510565162951518658e-01
-9.510565162951541973e-01
-5.877852522924720269e-01
-2.204364238465235822e-15
5.877852522924742473e-01
9.510565162951528650e-01
9.510565162951531981e-01
5.877852522924692513e-01
-1.225884760420529959e-15
-5.877852522924712497e-01
-9.510565162951517548e-01
-9.510565162951543083e-01
-5.877852522924779111e-01
-1.000000000000000000e+00
-8.000000000000000444e-01
-5.999999999999999778e-01
-4.000000000000000222e-01
-1.999999999999999556e-01
0.000000000000000000e+00
1.999999999999999556e-01
3.999999999999999112e-01
6.000000000000000888e-01
8.000000000000000444e-01
-1.000000000000000000e+00
-8.000000000000000444e-01
-5.999999999999999778e-01
-4.000000000000000222e-01
-1.999999999999999556e-01
0.000000000000000000e+00
1.999999999999999556e-01
3.999999999999999112e-01
6.000000000000000888e-01
8.000000000000000444e-01
-1.000000000000000000e+00
-8.000000000000000444e-01
-5.999999999999999778e-01
-4.000000000000000222e-01
-1.999999999999999556e-01
0.000000000000000000e+00
1.999999999999999556e-01
3.999999999999999112e-01
6.000000000000000888e-01
8.000000000000000444e-01
-1.000000000000000000e+00
-8.000000000000000444e-01
-5.999999999999999778e-01
-4.000000000000000222e-01
-1.999999999999999556e-01
1.110223024625156540e-15
1.999999999999999556e-01
3.999999999999999112e-01
6.000000000000000888e-01
8.000000000000000444e-01
-1.000000000000000000e+00
-7.999999999999989342e-01
-5.999999999999999778e-01
-4.000000000000000222e-01
-1.999999999999999556e-01
0.000000000000000000e+00
1.999999999999999556e-01
4.000000000000010214e-01
6.000000000000000888e-01
8.000000000000000444e-01
-1.000000000000000000e+00
-7.999999999999989342e-01
-5.999999999999999778e-01
-3.999999999999989120e-01
-1.999999999999999556e-01
1.110223024625156540e-15
1.999999999999999556e-01
4.000000000000010214e-01
6.000000000000000888e-01
7.999999999999989342e-01
-1.000000000000000000e+00
-8.000000000000011546e-01
-5.999999999999999778e-01
-3.999999999999989120e-01
-1.999999999999999556e-01
1.110223024625156540e-15
1.999999999999999556e-01
4.000000000000010214e-01
6.000000000000000888e-01
8.000000000000011546e-01
-9.999999999999977796e-01
-8.000000000000011546e-01
-5.999999999999999778e-01
-4.000000000000011324e-01
-1.999999999999999556e-01
-1.110223024625156540e-15
1.999999999999999556e-01
4.000000000000010214e-01
6.000000000000000888e-01
8.000000000000011546e-01
-1.000000000000000000e+00
-7.999999999999989342e-01
-5.999999999999977573e-01
-3.999999999999989120e-01
-1.999999999999999556e-01
-1.110223024625156540e-15
1.999999999999999556e-01
3.999999999999988010e-01
6.000000000000000888e-01
8.000000000000011546e-01
-1.000000000000000000e+00
-7.999999999999989342e-01
-5.999999999999999778e-01
-3.999999999999989120e-01
-1.999999999999977351e-01
1.110223024625156540e-15
1.999999999999999556e-01
3.999999999999988010e-01
6.000000000000000888e-01
7.999999999999989342e-01
0.000000000000000000e+00
1.000000000000000000e+00
1.000000000000000000e+00
1.000000000000000000e+00
1.000000000000000000e+00
1.000000000000000000e+00
-1.000000000000000000e+00
-1.000000000000000000e+00
-1.000000000000000000e+00
-1.000000000000000000e+00
-1.000000000000000000e+00
1.000000000000000000e+00
1.000000000000000000e+00
1.000000000000000000e+00
1.000000000000000000e+00
1.000000000000000000e+00
-1.000000000000000000e+00
-1.000000000000000000e+00
-1.000000000000000000e+00
-1.000000000000000000e+00
-1.000000000000000000e+00
1.000000000000000000e+00
1.000000000000000000e+00
1.000000000000000000e+00
1.000000000000000000e+00
1.000000000000000000e+00
-1.000000000000000000e+00
-1.000000000000000000e+00
-1.000000000000000000e+00
-1.000000000000000000e+00
-1.000000000000000000e+00
1.000000000000000000e+00
1.000000000000000000e+00
1.000000000000000000e+00
1.000000000000000000e+00
-1.000000000000000000e+00
-1.000000000000000000e+00
-1.000000000000000000e+00
-1.000000000000000000e+00
-1.000000000000000000e+00
-1.000000000000000000e+00
1.000000000000000000e+00
1.000000000000000000e+00
1.000000000000000000e+00
1.000000000000000000e+00
1.000000000000000000e+00
-1.000000000000000000e+00
-1.000000000000000000e+00
-1.000000000000000000e+00
-1.000000000000000000e+00
-1.000000000000000000e+00
1.000000000000000000e+00
1.000000000000000000e+00
1.000000000000000000e+00
1.000000000000000000e+00
-1.000000000000000000e+00
-1.000000000000000000e+00
-1.000000000000000000e+00
-1.000000000000000000e+00
-1.000000000000000000e+00
-1.000000000000000000e+00
1.000000000000000000e+00
1.000000000000000000e+00
1.000000000000000000e+00
1.000000000000000000e+00
-1.000000000000000000e+00
-1.000000000000000000e+00
-1.000000000000000000e+00
-1.000000000000000000e+00
-1.000000000000000000e+00
1.000000000000000000e+00
1.000000000000000000e+00
1.000000000000000000e+00
1.000000000000000000e+00
1.000000000000000000e+00
1.000000000000000000e+00
-1.000000000000000000e+00
-1.000000000000000000e+00
-1.000000000000000000e+00
-1.000000000000000000e+00
-1.000000000000000000e+00
1.000000000000000000e+00
1.000000000000000000e+00
1.000000000000000000e+00
1.000000000000000000e+00
1.000000000000000000e+00
-1.000000000000000000e+00
-1.000000000000000000e+00
-1.000000000000000000e+00
-1.000000000000000000e+00
-1.000000000000000000e+00
1.000000000000000000e+00
1.000000000000000000e+00
1.000000000000000000e+00
1.000000000000000000e+00
-1.000000000000000000e+00
-1.000000000000000000e+00
-1.000000000000000000e+00
-1.000000000000000000e+00
-1.000000000000000000e+00
