-7.678746691830355686e-02
2.622283150619642705e-02
-1.320105592374357650e-01
1.270394894757416182e-01
9.014145427834158175e-03
-1.693439144330717294e-01
-1.654306943800686880e-01
-5.563849298935757970e-02
-2.978707282833927827e-01
-2.620873145607373056e-01
-3.633933583748010232e-01
-2.387155683674967721e-01
-3.605424547592723794e-01
-2.474122779234884661e-01
-3.302602055323120012e-01
-2.824378816767101341e-01
-1.621357333529450107e-01
-3.564810984096155599e-01
-4.237448681916130000e-01
-3.654702748872662443e-01
-5.292553660069816424e-01
-5.307099470142307984e-01
-4.506874603325227713e-01
-4.635976158469424790e-01
-4.924549015069152880e-01
-7.052024929628021299e-01
-4.152610242570032306e-01
-4.657159986142423991e-01
-5.155526438334632200e-01
-6.240572229026630779e-01
-6.072967444674740589e-01
-7.618922892647681522e-01
-6.897346954621901283e-01
-6.859113764109601163e-01
-8.377576445935999150e-01
-6.159836558510796145e-01
-8.290974061714017074e-01
-6.065113532795727291e-01
-6.884602395997226898e-01
-7.546319802748550076e-01
-7.110925942629988672e-01
-7.793661457007174942e-01
-6.975661989397144991e-01
-1.085465243515026934e+00
-8.482819955361140529e-01
-9.044027802983606312e-01
-1.176529400080180032e+00
-8.579945607700234511e-01
-9.827813361775198375e-01
-9.868538361472383169e-01
-1.081798239421792873e+00
-9.100321048834453252e-01
-8.578403118852114817e-01
-9.880009074874243069e-01
-8.814501100608801432e-01
-6.930901166944759551e-01
-8.476378982053496269e-01
-8.958991916318115312e-01
-9.216578707592482100e-01
-9.432076168730983978e-01
-9.710069332904656125e-01
-7.883081803611655669e-01
-7.119379284161124755e-01
-6.550832808996724932e-01
-7.108526767567616700e-01
-7.230402646842614134e-01
-6.123340717258225485e-01
-5.405642050739704052e-01
-6.203671612262514623e-01
-5.372817895172012914e-01
-3.889860003852901316e-01
-4.710384720329210406e-01
-6.359022502876412464e-01
-5.934561333559815743e-01
-5.854230693737422220e-01
-4.648953326210499282e-01
-4.537032725307591496e-01
-3.402638835723848509e-01
-3.889213440583497161e-01
-3.539444718982283078e-01
-3.790275074593350557e-01
-4.144628527003946239e-01
-2.470058120158863391e-01
-2.930103273664976804e-01
-3.032304166180885829e-01
-5.210346849183206119e-01
-3.254913031104059717e-01
-2.183202141842031652e-01
2.912143399998740056e-02
-1.905800899792759462e-01
-1.827995316832055073e-01
1.051374689211953539e-02
3.496619850971946497e-02
6.517500553087013371e-02
-1.799640863924607537e-01
-2.177134973772316684e-01
-5.248812605011936305e-02
-2.200578160780253811e-01
-2.369081083832575707e-01
4.790496775590852296e-02
9.984768334782180566e-02
-1.312296070472793730e-01
-1.923643515231306111e-02
-8.496652803975357493e-02
-1.149092187728726899e-01
1.656162267566740898e-02
-2.004104393368337511e-01
-2.573101653185602689e-01
-1.621138431042274952e-01
-1.753269434881569444e-01
-1.285268311886368919e-01
-4.158519835285445776e-01
-3.846378730798693524e-01
-1.820161165061363329e-01
-3.277190866567037397e-01
-4.065213097545005705e-01
-4.235818128569145413e-01
-1.989391345078606044e-01
-3.379667334317859040e-01
-4.751990803339330993e-01
-3.963554468098818839e-01
-3.212298696086553496e-01
-3.553974167063028711e-01
-4.395604817969860911e-01
-5.727626679305648505e-01
-3.560643612366587440e-01
-5.869230281984971764e-01
-5.207087577001098255e-01
-6.876874289154165654e-01
-4.036522904767857467e-01
-5.875039431852103755e-01
-4.115951319315435120e-01
-6.375520940970768047e-01
-5.677589302476067079e-01
-6.638288741148457017e-01
-5.692296213006503569e-01
-7.508908239604854540e-01
-8.587867013181939013e-01
-5.061523733443309414e-01
-8.645770281560711812e-01
-7.239367954179589670e-01
-8.523820737454894658e-01
-7.717117048896677822e-01
-7.927398683213218167e-01
-9.414662928154484689e-01
-9.468960893410097723e-01
-8.781852488776563659e-01
-7.480980075771728188e-01
-1.025024915128882830e+00
-1.002606249893833734e+00
-1.039858722090726273e+00
-9.454523624899001666e-01
-9.700990894603196413e-01
-9.062301984834258972e-01
-9.271021590820776037e-01
-7.853573482985812815e-01
-9.952229971361978844e-01
-8.368343398119659771e-01
-8.625141317585769407e-01
-7.918193203945722569e-01
-7.581007971259866585e-01
-7.403050635061304563e-01
-6.984482024233552577e-01
-8.007987295802717620e-01
-6.749961334161370674e-01
-6.655974647648776887e-01
-6.783516826463089622e-01
-5.064706440791337805e-01
-6.580930109064576650e-01
-4.611731966878346300e-01
-6.662549178326335753e-01
-3.371911611033309164e-01
-8.376425119501640371e-01
-5.057869033850487250e-01
-4.510798091809201660e-01
-2.782684299252820015e-01
-4.051742021785711967e-01
-4.406768814943529122e-01
-4.282015429935738249e-01
-3.993410066765608613e-01
-3.586422049339232365e-01
-4.246268706009103666e-01
-4.582843483482371694e-01
-2.730631377897473344e-01
-2.433421377695097476e-01
-2.152849509091068203e-01
-1.982385901265116823e-01
-4.115959206615841803e-01
-2.323406935119682326e-01
-2.126168516129630093e-01
-2.127893979582682893e-01
-4.112671452687510776e-02
-1.544694411358792929e-01
-9.100582310909022254e-02
-1.025811215008758520e-01
-9.537732746220081714e-02
-8.975682914846108695e-02
-2.062257199071934333e-01
-3.756136259360525614e-02
-6.302154337574851495e-02
6.745470011972871938e-02
7.384752305518310633e-02
-1.946831416915903168e-01
1.822085255564063755e-01
5.883845696570974559e-02
-2.267291817240630891e-01
-6.212885529026136722e-02
-2.006744399209242913e-01
-2.676284790423292259e-01
-1.095086970193392961e-04
-2.968057187890478787e-01
-3.412638939419315731e-01
-2.858741813566891832e-01
-2.003210365602107190e-01
-2.193357138394492756e-01
-2.790270827267279374e-01
-1.607400351503751601e-01
-2.207018067744731804e-01
-2.638089100601020975e-01
-5.181406580524237082e-01
-3.006998136075812456e-01
-5.322199460719136965e-01
-6.187888290707150851e-01
-6.023377821377312591e-01
-5.880833522697752613e-01
-5.695758550469625092e-01
-3.749090315833119025e-01
-4.472452355523567347e-01
-5.447867456339280379e-01
-6.501694531244994746e-01
-5.740490734737990763e-01
-3.993908121748716011e-01
-7.992372464060973902e-01
-6.518998913945410756e-01
-7.284835855313747111e-01
-7.265626769019914999e-01
-7.886779931935191668e-01
-7.142187706954509219e-01
-7.500835715495581812e-01
-8.396602969420534635e-01
-7.127057073322858871e-01
-7.110323082112000037e-01
-9.044218374108279335e-01
-7.629701231567027619e-01
-7.416882939851152656e-01
-8.952112833548672155e-01
-9.472090898990257468e-01
-1.016281328677328899e+00
-9.358346828680548235e-01
-1.091625231627544990e+00
-1.060602772792115234e+00
-9.824249396769996201e-01
-8.018190220517484867e-01
-1.034682758868219032e+00
-8.528749250726369580e-01
-8.832152782358474452e-01
-9.354617224009360577e-01
-9.019489368891788761e-01
-8.677083497159869818e-01
-7.683947952160852246e-01
-8.697245269447740901e-01
-8.328269474840686026e-01
-7.194247693536596211e-01
-7.872694941781385181e-01
-8.588053800227116730e-01
-7.549824496551942321e-01
-5.876254867702878082e-01
-5.871257652754956480e-01
-6.412453674205729204e-01
-5.641823922264517233e-01
-6.521666127822050019e-01
-6.092658498525412858e-01
-6.296296141264159374e-01
-6.940355846526320427e-01
-5.061253202044023736e-01
-4.204360610797378550e-01
-4.156266634212463784e-01
-4.225219395753709861e-01
-6.335385754182998319e-01
-3.261576743930222899e-01
-4.391991122535154335e-01
-3.900882601298415464e-01
-4.019550648037932272e-01
-2.273906728240028263e-01
-2.450671155319136263e-01
-5.641179983493037620e-01
-3.448444252483174877e-01
-1.718344947749074758e-01
-3.895558615018576143e-01
-3.188248713385875566e-01
-1.846781290727063096e-01
-2.396854667020111573e-01
-2.033245058479663248e-01
-3.215047171225995370e-01
-5.453079432743158927e-02
-1.259243157323798323e-01
-1.477694318150801767e-01
-1.261010839180591592e-01
-5.278410803452205508e-02
3.130684222390735238e-02
-1.304470658608971045e-01
-1.353942585563233658e-01
-1.490421630662350783e-01
-2.334057127951205679e-04
-1.821014096051910836e-01
-9.770829938005581861e-02
2.471942951142810929e-02
-2.614792824879975663e-01
-1.007734144095158574e-01
-2.428278554103208420e-01
-2.026267885708580574e-01
-2.088274235793461941e-01
-2.824466503153476027e-01
-2.284657185704529747e-01
-2.269897530917310835e-01
-2.263163110429163849e-01
-3.696060840946723824e-01
-4.628008568718794402e-01
-4.093136773200883316e-01
-3.835143039173301571e-01
-5.350106643706820098e-01
-4.660593874391507629e-01
-5.359973281097246689e-01
-4.287431349277579518e-01
-4.995224726272137761e-01
-6.787002413392346778e-01
-5.501998284612642509e-01
-5.831941665212014847e-01
-5.742316636385655926e-01
-6.102352167787249426e-01
-5.281528126905785658e-01
-7.438583838859703645e-01
-6.434639970236120110e-01
-5.526019882505022185e-01
-7.606815696207220867e-01
-8.210839700988971090e-01
-6.124955057322748475e-01
-7.338131420235385338e-01
-7.905771703805758444e-01
-8.218609185372943715e-01
-8.565308288137800652e-01
-1.088076289402388097e+00
-7.159565193673903538e-01
-8.402432849974046380e-01
-9.141069611079850610e-01
-9.171093450611503828e-01
-8.759919019634201387e-01
-1.065507414473481962e+00
-1.059378225616611990e+00
-1.074243979288003636e+00
-8.216198889610724088e-01
-9.613718267064278455e-01
-7.598654327424265720e-01
-8.456315953143456188e-01
-1.034681912370942314e+00
-7.757749026749605203e-01
-8.072118539244188540e-01
-9.069493977848559485e-01
-7.527458444414434346e-01
-7.923823985655572555e-01
-9.781827600082414476e-01
-7.795023606065032418e-01
-8.312845965919223312e-01
-7.752649997896515766e-01
-8.231087479082885849e-01
-6.231975838578370785e-01
-6.834369485635112262e-01
-5.569695163463747045e-01
-6.873026362856976546e-01
-5.392162673195087796e-01
-6.056444552088370292e-01
-7.230425143151180123e-01
-4.598716512563000292e-01
-5.713317432158567799e-01
-5.808797453865005567e-01
-4.445343930251686171e-01
-4.817207343076366222e-01
-4.672301602113954622e-01
-4.462108695390902269e-01
-3.089857374584171756e-01
-3.126457823981746431e-01
-3.251509103414990109e-01
-2.601087792517716712e-01
-2.420095010276944181e-01
-4.219174875839790118e-01
-2.849210327464140602e-01
-3.799368417173875634e-01
-3.432295691046918229e-01
-1.969656834431813830e-01
-1.512127640611938550e-01
-2.678735407108748801e-01
-1.033736450443898808e-01
-1.473332145984140584e-01
2.520970290900090283e-02
-9.855856674957697017e-02
-1.923476357095195433e-02
-7.430563041941122548e-02
3.594457299010857254e-02
-4.181768978301603212e-02
-2.494401068235141128e-01
-3.568320984861628881e-02
3.195327303786729689e-03
-3.763190414384830901e-02
-1.616716186059286575e-01
-1.442333718816866395e-01
1.907618281802572757e-02
-1.580149747736458998e-03
-3.605057348081071589e-01
-1.582867101474869920e-01
-2.581707409277250731e-01
-1.931952832874171411e-01
4.134555197237765878e-02
-2.901985906502685952e-01
-3.282125855395206515e-01
-4.367469284799202489e-01
-2.297598073196748247e-01
-2.502934849565807696e-01
-2.338215875918001896e-01
-3.482418409487328392e-01
-4.972460615933791961e-01
-4.954562149377247371e-01
-4.738737196728045054e-01
-6.200516080800297924e-01
-5.115108592677320987e-01
-3.225267678353347378e-01
-5.399910512064227675e-01
-3.838369685810397725e-01
-6.796395070955369988e-01
-3.571205444381456706e-01
-7.255077248283893221e-01
-5.878624056420364008e-01
-7.207724232712140466e-01
-4.007054734784054051e-01
-5.591145936036753250e-01
-5.552894153114555920e-01
-7.574668357058933488e-01
-8.104282719881356067e-01
-6.091941694616065384e-01
-8.794405799026910886e-01
-8.784603542446964841e-01
-8.511204171297315213e-01
-7.729307947067992624e-01
-8.542275336250910733e-01
-9.374507270384504487e-01
-8.634538452659722418e-01
-7.506526793377868989e-01
-1.022786949772121368e+00
-8.618759072626003270e-01
-9.150836872687927448e-01
-7.542233766481142299e-01
-8.214732148881956908e-01
-9.370662298361732701e-01
-7.614918084859118030e-01
-9.538453041511314456e-01
-9.236369361405376566e-01
-8.285453813500198716e-01
-9.589766297044699517e-01
-8.682513757205392313e-01
-8.923905331563537491e-01
-8.903270562150251699e-01
-7.295872554805409305e-01
-7.836456750220105461e-01
-8.097735661047577027e-01
-6.358645165515831588e-01
-7.079600811879811495e-01
-5.446419282200927192e-01
-4.904207093796957295e-01
-6.469825733637643017e-01
-5.438975080325261224e-01
-4.997248144418957594e-01
-6.710778189536290572e-01
-5.135612143201717661e-01
-4.800878229414046738e-01
-5.633690613499855449e-01
-4.997282024499543063e-01
-4.405057859391516284e-01
-4.080907584229928053e-01
-5.499354517920544971e-01
-4.407913990185208797e-01
-3.862905508226385232e-01
-4.425683551293749241e-01
-3.539460629607268372e-01
-4.502349325891072396e-01
-3.792904844246112739e-01
-3.550753568880700706e-01
-2.381300260048780371e-01
-2.863032767187089767e-01
-2.734064287312176211e-01
-2.949769684722778895e-01
-3.118590836449077752e-01
-3.394443525470313139e-01
-3.311368617042632634e-01
-2.180914806699969788e-01
-2.971238620437348654e-01
-1.859220206676321374e-01
-4.801594525265288210e-02
1.708330713000010270e-01
9.989469146784882292e-02
-4.529868225251076908e-02
-1.011107592912277586e-01
-1.619600302891106847e-01
-1.431300995054440028e-01
1.784084294119386849e-02
1.657176813707445517e-01
-6.889710971404744422e-02
-1.307199711293514921e-01
-1.301878960536753116e-01
-1.020235689883690622e-01
-1.315983228190357457e-01
-1.179416253554344263e-01
-8.436997574383953147e-02
-1.166171871807456517e-01
-3.150053765176193399e-01
-1.825994978113665568e-01
9.002078460670970284e-03
-3.181431269253439664e-01
-3.604885108547227213e-01
-4.108174410955651168e-01
-2.648582353471378714e-01
-6.014375056372333050e-01
-5.186244324652797832e-01
-5.214854848641921059e-01
-5.293302475974632770e-01
-4.339252516241354218e-01
-5.735899425169825872e-01
-3.665494781525384105e-01
-4.859852319363653916e-01
-6.028957364101589222e-01
-6.774444006141919772e-01
-7.054488107787586504e-01
-5.653395295002101584e-01
-5.622309219881198583e-01
-5.544841052333105980e-01
-5.895876051132659112e-01
-6.390391618655723027e-01
-7.205943549045755736e-01
-8.281340928471430107e-01
-9.807055188099706999e-01
-6.083612365126883637e-01
-7.492135595265250192e-01
-9.925539264716336518e-01
-9.634429902083628816e-01
-9.053687992994590150e-01
-7.726707593027772880e-01
-1.008086542206303005e+00
-7.559851324877976397e-01
-9.878678632219846101e-01
-1.010240414448490442e+00
-9.976901253686413229e-01
-9.519285964617515416e-01
-6.779835359471260148e-01
-9.790909642545674307e-01
-9.570962638018780666e-01
-8.084248838784646729e-01
-1.002370902637036876e+00
-6.569864919569432526e-01
-8.765651359484845084e-01
-8.995903169506007657e-01
-7.543284371277099165e-01
-8.722021270883948407e-01
-8.082334267522295335e-01
-1.019412015337271438e+00
-5.767327648736960688e-01
-7.774845026142411797e-01
-8.501360219667850604e-01
-7.526102862905584834e-01
-7.200279650503348394e-01
-7.173637142000057754e-01
-6.112217511819088012e-01
-6.537475577967587492e-01
-5.530840446968793289e-01
-4.748098458539621869e-01
-7.581933637997892994e-01
-3.583677095255481393e-01
-5.464759635182363517e-01
-5.003178322297064939e-01
-6.843511618655949702e-01
-4.391627696483929033e-01
-4.216003901431281120e-01
-4.162199632769040258e-01
-5.299033101685158842e-01
-4.121025701663044161e-01
-3.191987619552817956e-01
-2.743112124489642256e-01
-2.875131054869636271e-01
-3.004934986675338315e-01
-1.642357367896394860e-01
-2.754298228692936834e-01
-2.024312691361966066e-01
-1.691464700374313290e-01
-4.232304319466718701e-01
-2.756679687116885269e-01
-2.350223309620980694e-01
-7.413554069861065521e-02
-2.532201096081132530e-01
-1.577655455178522126e-01
2.406651283183112999e-02
-1.636262178464825134e-01
-7.796237731138463967e-02
-3.534171841264376751e-03
-3.939545636299078557e-02
6.513838999822571529e-02
-8.466976744041829206e-02
-3.079862960156879437e-01
-2.328349460934423520e-01
-2.493718334531802305e-01
-2.309116562846780518e-01
-9.676362180131690971e-02
-2.164863658545207181e-01
-2.886594976088863729e-01
-2.269619503663370397e-01
-1.264589667462541200e-01
-3.997086216252112578e-01
-3.656331679482344721e-01
-2.917607399444351879e-01
-3.704913872023414267e-01
-3.305804908807336018e-01
-4.174949541526095653e-01
-5.330711442667668276e-01
-3.081321127431813078e-01
-5.513217993995523925e-01
-5.426535424737112256e-01
-4.235129666928477699e-01
-2.992585957161445487e-01
-5.561923525887350062e-01
-3.915685595283271425e-01
-6.662493025874742791e-01
-6.884380226039786832e-01
-6.016114217625566640e-01
-7.174667435477936062e-01
-6.448682923802154798e-01
-6.694129927106756694e-01
-7.201542436009776837e-01
-5.374491060829877931e-01
-6.254276479457122617e-01
-9.409541502353939713e-01
-6.611283207631294401e-01
-8.402994245629334946e-01
-5.894144692598658475e-01
-7.866786258311113667e-01
-9.344466607150080373e-01
-7.887070359767475169e-01
-7.939106606174824998e-01
-7.364626018876240243e-01
-8.789372845573106829e-01
-9.327901429830371960e-01
-8.465769708811914374e-01
-1.019477399723842215e+00
-9.968207710772090113e-01
-1.091611641677595168e+00
-1.018514777958236417e+00
-9.373031711455181991e-01
-9.013755350828662749e-01
-8.604303528718915128e-01
-8.568060934792622874e-01
-1.069798377120573463e+00
-8.953065501912440549e-01
-8.677280953890823545e-01
-8.330310431992310471e-01
-8.137184690998726655e-01
-9.345479424538374325e-01
-8.766765856790379452e-01
-7.997411895899038115e-01
-6.867527734512292037e-01
-7.947973789648625775e-01
-6.638128255131842126e-01
-7.620763098645390032e-01
-6.404235766883138448e-01
-6.854054496535308960e-01
-5.131450751705193269e-01
-4.766420333501835138e-01
-5.638674151081306540e-01
-5.571842068349585064e-01
-4.878966462411422622e-01
-5.126210726417115282e-01
-4.612690606401588234e-01
-4.901334970332313357e-01
-3.577048771616984091e-01
-4.019337240477008355e-01
-4.867736050176020846e-01
-4.297011894274041510e-01
-3.827488286743016555e-01
-3.078149257684316686e-01
-3.614576797543103681e-01
-3.970135487851069178e-01
-3.476929827888695645e-01
-2.946957206341294655e-01
-1.617625356435579143e-01
-2.126019692892047730e-01
-1.296551329695545818e-01
-2.200755213808669453e-02
-2.279756014716433909e-01
-3.705465290533780376e-01
-1.596956063487133259e-01
-2.241649550308943972e-01
-1.266100761486846638e-01
-1.295412597665420162e-01
-1.105459841049482445e-02
2.211085216568130923e-02
-2.943661781456900495e-01
-5.687335094908581301e-02
-1.011170857976753795e-01
-1.783513282639667130e-01
1.078613308937806797e-01
-3.161202349105077802e-01
-1.156895173436703755e-01
-1.212839407475055364e-02
-2.275478514707108824e-01
-1.387437695581520969e-01
-8.125401467914915299e-02
-1.641698860475576949e-01
-2.996039065958402414e-01
-2.493039360659026205e-01
-4.405746613758824148e-01
-3.603340406003565088e-01
-5.306784208442480999e-01
-3.083512841652382708e-01
-4.784096227424947112e-01
-4.286273530630577699e-01
-4.381876685977331154e-01
-4.201448278425283234e-01
-3.758253648605656694e-01
-4.976054878937435921e-01
-4.139282496279805268e-01
-4.034336169118418192e-01
-5.479622542435310661e-01
-5.744832599285533137e-01
-7.078509511397393927e-01
-5.139359683734914253e-01
-5.583240979768603340e-01
-5.758429062501559947e-01
-6.235716648735225576e-01
-7.329867222879491440e-01
-7.043866334539341523e-01
-8.188729586793919157e-01
-5.652877795915075554e-01
-6.198768340346126893e-01
-5.032758912894945702e-01
-8.948581848383930781e-01
-7.923987393603615370e-01
-7.387401328508580445e-01
-8.949691333537715954e-01
-7.495776136240124288e-01
-9.191555191025388982e-01
-6.066942103048138524e-01
-1.031027048332816332e+00
-9.166812199274227968e-01
-8.659700174461739675e-01
-1.175168035939675892e+00
-9.688621241807072737e-01
-1.075657327807656438e+00
-1.097359415532764171e+00
-1.048093071873079429e+00
-8.817728142688902038e-01
-9.515858260431679927e-01
-1.035542238630662748e+00
-9.498164824507407955e-01
-8.397087363217493605e-01
-9.177967418399454180e-01
-7.414729807753327462e-01
-7.445170590571438263e-01
-8.823703748131952462e-01
-7.289771211097371140e-01
-6.819186348784808116e-01
-7.350084727039264409e-01
-6.308928966142499650e-01
-6.230657757816244757e-01
-4.686036304894326543e-01
-7.776776380343664030e-01
-7.491061656671311741e-01
-6.559207985906957417e-01
-7.051998009807902701e-01
-5.606955191971577657e-01
-5.012347382961322984e-01
-4.101197013095437272e-01
-2.997811726467295435e-01
-3.679087014404797684e-01
-2.709213920573430578e-01
-4.013698796325997353e-01
-5.744301689191104732e-01
-5.163365339011152244e-01
-3.505345251332747103e-01
-3.507393873534477291e-01
-2.945902873653988840e-01
-3.450198250052842197e-01
-2.160091295735639683e-01
-3.403398768583026923e-01
-2.080789802671348943e-01
-2.980910069468557522e-01
-1.866841686946944245e-01
-2.856680130329174450e-01
-2.179682371561814103e-01
-1.817873800534686446e-01
-1.389830625634214945e-01
-7.214030879742497349e-02
-6.200080213609265867e-03
-3.989280178864941517e-02
5.185767682615227692e-02
2.001388955161945843e-02
1.964767014422887925e-01
-1.262340198989342910e-01
-2.689053460074650181e-01
1.907210418627234838e-01
6.363143341871631276e-02
-1.577687247789296976e-01
-2.046084409523293290e-01
-1.104316973550280995e-01
-6.254955864477819427e-02
-1.337161476501864954e-01
-2.112720339357478105e-01
-7.810077308778901051e-02
-4.059400424741218538e-01
-2.072878919048343760e-01
-3.179269593399510208e-01
-3.625096122979109547e-01
-4.171483258280106465e-01
-3.124642355526534576e-01
-2.849378804825198896e-01
-4.543822167720034111e-01
-3.022372332634304382e-01
-3.909550721413873053e-01
-4.049884338942683626e-01
-5.173547053358409364e-01
-3.516799067707421234e-01
-4.554519031757118808e-01
-4.375407620344832216e-01
-6.113744084995703654e-01
-4.111612564585404028e-01
-5.321811120883619406e-01
-4.665635894270018236e-01
-6.926801805609348328e-01
-5.304872324202166700e-01
-6.147861050399617833e-01
-6.184006405516906391e-01
-7.276435927195125108e-01
-8.000244438153458759e-01
-7.369188073265544592e-01
-6.438384375054764241e-01
-7.622015285847757449e-01
-8.533980474391470450e-01
-9.470021086640646457e-01
-8.591334908578379670e-01
-7.291873603581447982e-01
-7.127269597520025091e-01
-1.073935294639478233e+00
-9.600222320871272252e-01
-9.707768298980377075e-01
-8.205184320149684352e-01
-9.494418043934645945e-01
-1.076501801404772030e+00
-1.081424600043454198e+00
-9.562994577557468734e-01
-8.879955023694992011e-01
-8.764768640180731207e-01
-8.756226312214677732e-01
-1.151890456988762912e+00
-8.306127330480143067e-01
-9.910304839293899715e-01
-8.301721263000237938e-01
-9.394657411224784926e-01
-9.592169795182196035e-01
-8.507379953549447649e-01
-5.908079626342200852e-01
-7.005431437744727985e-01
-7.100666766656638096e-01
-7.393168198537862779e-01
-6.107164487852920765e-01
-6.330150271969446907e-01
-6.433378011598225310e-01
-6.242236214588736676e-01
-5.544778053149789221e-01
-5.381601627711872782e-01
-5.552230982240102808e-01
-6.458854318149753748e-01
-7.773652837988973552e-01
-6.092879566807712921e-01
-4.979966416519827077e-01
-4.990960864867180491e-01
-3.882223232327647322e-01
-4.660454092781279312e-01
-3.780168195320049440e-01
-4.318578382195707999e-01
-4.042905678793370372e-01
-2.540351893190049837e-01
-2.803573646180926859e-01
-1.575903201804322029e-01
-3.538289206128033548e-01
-2.537029785396645587e-01
-1.621469657027015399e-01
-2.871369393845915607e-02
-2.565923351123544638e-01
4.932310526393704486e-02
-7.392891848978000446e-02
-2.532634285381526462e-01
-4.876412826329448724e-02
-6.942121886282820453e-02
4.250095923902398598e-02
-7.490568759179222491e-03
5.845117311623116568e-02
-1.035896326300334430e-01
5.080712429990249385e-03
-1.667809444274075958e-01
-8.480133167503067781e-03
-2.398410073110895380e-01
-1.142841150955477281e-01
-1.757579908134247748e-02
-1.585202021251790605e-01
-2.206342838950562102e-01
-3.929910888842025329e-01
-5.426921470232221045e-02
-2.149321116871148463e-01
-1.712472898641595465e-01
-2.069585036726366289e-01
-1.412491796051575377e-01
-4.044262478064774569e-01
-1.471052764912335886e-01
-2.571997227143643094e-01
-2.736403025788932686e-01
-2.985332420221797345e-01
-4.036416587378884868e-01
-5.931110649513533506e-01
-4.160333962036203426e-01
-5.745549190252501326e-01
-4.566510645765788912e-01
-7.681930688824800679e-01
-4.704047335685099807e-01
-3.690697796239206241e-01
-5.485971160232174793e-01
-6.169296568562826488e-01
-5.125541252903791367e-01
-6.210103915893963045e-01
-6.070742741451625735e-01
-6.200873089491621970e-01
-5.859536768858669697e-01
-8.213146175307169949e-01
-8.261130133350577109e-01
-7.078109647426964468e-01
-8.251401762465240264e-01
-7.353131799133154622e-01
-5.906356597886706084e-01
-7.668425778527625525e-01
-1.011682590123272663e+00
-7.802321876270978951e-01
-8.236061521479988157e-01
-9.843950495133033662e-01
-8.811024654484583829e-01
-8.991809829417605204e-01
-8.818295678673644389e-01
-8.997903866126276684e-01
-9.519942840460520195e-01
-1.138019328736463942e+00
-1.019576299830145416e+00
-8.294334252803999830e-01
-8.268344235566120748e-01
-7.871395058796663013e-01
-8.160410858131903478e-01
-9.414706399670207393e-01
-7.803753322442585905e-01
-8.672748470405816645e-01
-7.966238973282337987e-01
-7.549842861407254357e-01
-6.123051567025270536e-01
-9.217575526740633407e-01
-8.176065760020936324e-01
-8.337480148622031795e-01
-7.828824000811820394e-01
-7.347784248718007838e-01
-6.375639673407555996e-01
-6.629746595140633136e-01
-6.741057575578122130e-01
-7.891367512866598322e-01
-5.164672184252242504e-01
-4.340929288957536825e-01
-7.014797618678496605e-01
-4.323073019135476036e-01
-6.081046665279199459e-01
-6.765377694578798007e-01
-5.903365687017637642e-01
-5.882442672738457112e-01
-3.511677255660579644e-01
-3.077217946299297680e-01
-5.067945450937620944e-01
-3.654395202552196409e-01
-3.064385212262145664e-01
-5.035845032941439481e-01
-4.111199819771540476e-01
-2.142847265653624045e-01
-3.550054132428315801e-01
-1.698398092507768797e-01
-2.965911615535072876e-01
-8.767648896594425201e-02
-1.778727670964201646e-01
-2.591642730167981190e-01
-2.073512730836903906e-01
-1.569076481499374065e-01
-1.192131740058323536e-01
4.060787233490804893e-02
-8.684078410032616824e-02
4.037546592575170373e-02
-4.484427421098435146e-02
2.909038358078949033e-02
-8.505736049117704201e-02
4.994405657363003292e-02
1.503609658246031489e-01
6.271559762585696141e-02
1.527178464651310352e-02
-4.027203638000975694e-02
5.620419351159124111e-02
2.136963025687677042e-01
1.866200464892524558e-01
4.735832822537358044e-01
2.422344527911621526e-01
3.864119134106012154e-01
1.625303496974888073e-01
3.074641413821536107e-01
2.352798633603768730e-01
3.459886062102765503e-01
1.253379861574674126e-01
2.933634300949310991e-01
3.040794783490005648e-01
3.754619309791512594e-01
3.404882172172899457e-01
4.737769721326420824e-01
5.354659373246465348e-01
5.343828246723281161e-01
4.123549565519209481e-01
4.749355556767025921e-01
5.779117168519301018e-01
8.344491403340499325e-01
5.428496475404517296e-01
6.360671124564510892e-01
6.289794518817328761e-01
5.715161172954088542e-01
7.832614292615666107e-01
4.020675112728613332e-01
7.038108631433728224e-01
6.329035141790853025e-01
6.686857446054483844e-01
8.452321700512601677e-01
8.203619778591002554e-01
8.040678646455581280e-01
9.817069716681716685e-01
9.053928816014598091e-01
8.379004580017646031e-01
8.359660527381626016e-01
9.278086264516616222e-01
1.001794162846725511e+00
1.128280025765397543e+00
8.565384753032585508e-01
9.507692711205781855e-01
8.691983216631840037e-01
1.042583243911978430e+00
9.441011956426914598e-01
9.820667803879207236e-01
8.748909835875396945e-01
7.378796117850098257e-01
7.108643033083070772e-01
1.001801645201144231e+00
8.902403396488578480e-01
9.567855209048586884e-01
9.208736596368122251e-01
7.627208960031743867e-01
7.222524768042865029e-01
4.652813886806279053e-01
5.829103755787405916e-01
8.217774331326173076e-01
6.830454364473944606e-01
4.321832637590594661e-01
6.937695000328960582e-01
6.049575278119896371e-01
4.855906100203264408e-01
5.043713340150646207e-01
5.178874083164619613e-01
5.965575692876742275e-01
5.288900475891298303e-01
3.450802200915579210e-01
6.310809046978524961e-01
5.795727428812803561e-01
3.874916141869163555e-01
2.850779107048580507e-01
1.564001841373900137e-01
3.171813280893222009e-01
3.706861749911879444e-01
3.539265644457126325e-01
4.173321605746396767e-01
1.960915953281110458e-01
3.174302476987654331e-01
4.381108321428066055e-01
1.371171445021818203e-01
3.348642863526057334e-01
2.235695553304719863e-01
2.064059256258310160e-01
5.420373652240129125e-05
2.435685014060080811e-01
2.066789492765216951e-01
4.353979553297923633e-02
9.225990577712228635e-03
-1.056333752894724476e-01
2.582380059154698593e-02
4.224574173110465236e-03
1.597418466401769044e-02
8.730598010788356844e-02
2.269526523000132967e-02
3.009736987869762737e-01
-1.070265225248548391e-02
-7.450493863966123342e-02
2.045782684409568064e-01
-1.104585964510636231e-01
1.574569438789070741e-01
1.883695017906307501e-01
3.835138683947217908e-01
2.595640276622499520e-01
2.124363922452993936e-01
2.173895078997663821e-01
5.020279663979076989e-01
4.600503878824993009e-01
2.563451055498342512e-01
2.564800864164756833e-01
3.763213233710836492e-01
2.632773674889354876e-01
3.984047097060907650e-01
4.043002267627622826e-01
4.583550047732642962e-01
4.777422491380692859e-01
3.609693947525882685e-01
3.365234673890475370e-01
4.137886859248939286e-01
4.009712573894793630e-01
5.319194437040707379e-01
5.672713059777327871e-01
7.699600701207593989e-01
6.662369594509759407e-01
4.011919965418849210e-01
6.212417567035509736e-01
5.226891524396686250e-01
7.763041542844703047e-01
7.232923236340028650e-01
8.035281229092527955e-01
7.196515115734409829e-01
6.849659503052505372e-01
9.353507159004101901e-01
7.881181015865229567e-01
8.824763309837744263e-01
1.009205169831694615e+00
7.571247593805794374e-01
7.641267963334976709e-01
1.008001867037435106e+00
1.161915040798438881e+00
9.167765853530528419e-01
9.654929943491301625e-01
1.107459041059973615e+00
9.403042436707317320e-01
1.055592076062323859e+00
1.178336985535151760e+00
9.725515928368149154e-01
9.021045731442773885e-01
8.596043600611438240e-01
9.087826694420839679e-01
8.155906914941289942e-01
6.300938503757356202e-01
8.979642090713031433e-01
8.586139709158884248e-01
6.541243963998087940e-01
7.284931542901740276e-01
7.093128943815755205e-01
4.460420034540321099e-01
7.334848757151865017e-01
8.091359982509928050e-01
6.509543610001897740e-01
7.033545787391114468e-01
6.995575175319583838e-01
5.056773258457876175e-01
5.779070631633101973e-01
3.658211061130234310e-01
3.868411051384696986e-01
7.710457639060408486e-01
4.314463191645073747e-01
4.810799600536532772e-01
5.158032584711917945e-01
4.401482465438384395e-01
1.570804542198954989e-01
3.178106311085229230e-01
3.087991621601826608e-01
3.984114184113690671e-01
3.388177769182487142e-01
1.839836882638947180e-01
4.264342311589194301e-01
7.482827810107314792e-02
1.513823759221321619e-01
2.254666773039839534e-01
2.743010289934234569e-01
2.553136824539886662e-02
2.087599866388246128e-01
1.160810837042074994e-01
1.475614005266303874e-01
1.882943110530048147e-01
1.417688712121341621e-01
9.053295729365587463e-02
-5.551127322517233204e-02
-1.993993603621771818e-02
-5.855882403613001108e-02
1.310398446975003794e-01
1.737113439185988262e-01
2.323315845288387860e-01
-6.387053888770558019e-02
-1.160732961628921367e-02
1.751295350852917487e-01
1.915855961130474849e-03
2.722062260990816274e-01
1.535395252136574906e-01
3.509671379279478698e-01
1.198557805547129235e-01
2.524526392135281738e-01
1.670567875270887181e-01
1.387127040090093688e-01
3.798478963847652934e-01
4.130854130008624336e-01
5.008979264158542888e-01
3.866012446587244744e-01
3.938411053663131156e-01
2.522079506120346037e-01
4.510542327902013482e-01
3.966938435524993700e-01
4.160200530128241314e-01
5.074614907731190838e-01
3.028106224813436054e-01
6.391924421237420439e-01
7.435403874469825869e-01
7.296227333457835362e-01
5.351182483490080077e-01
6.635212155605988427e-01
6.379873779364547692e-01
7.107988927000634671e-01
7.351077542795627640e-01
7.640975741093969376e-01
8.096728487872181246e-01
6.683377597820766569e-01
7.330425312215634870e-01
9.109909383059574539e-01
7.825595985128538379e-01
7.578650302634568625e-01
7.959092777022328535e-01
7.453192081092343546e-01
1.028573308708597978e+00
9.570864912756077425e-01
8.137655619428265652e-01
9.246445518772898886e-01
9.155395719311786307e-01
9.009803376768659167e-01
9.620212331806088368e-01
8.878547116818675811e-01
1.042077184228688891e+00
1.248857596041114570e+00
8.349405728207915933e-01
8.530343209025962325e-01
8.560455233749573178e-01
9.524629078077120337e-01
1.038153148720830865e+00
1.028225764610045667e+00
6.707641272806236232e-01
6.444509480816015268e-01
9.465143748759838882e-01
8.674222231120019000e-01
7.834887787183375529e-01
7.544220250618770551e-01
7.384910427194800731e-01
6.428573489549136433e-01
6.464229984215156266e-01
7.310836586860108843e-01
6.396734406252182481e-01
4.296384901728862449e-01
5.576047844379579121e-01
5.238605497028921976e-01
4.211704308621139758e-01
5.291878037590064254e-01
4.608551490230198833e-01
3.309875976913747575e-01
3.832907216521924676e-01
4.786138792617139481e-01
3.439108445501781741e-01
3.098317335439764175e-01
2.412889938077542873e-01
5.076716795462503651e-01
1.618813001487643122e-01
3.288798534163502318e-01
2.563601035315363763e-01
3.479731057195498689e-01
3.880701499524696896e-01
1.931995295936440038e-01
2.343583899543124349e-01
2.483575847549332194e-01
1.468608896201760716e-01
1.424652265552162345e-01
1.038779043274478259e-01
1.365968056963518529e-01
8.192091132952000754e-02
-1.446152344728962591e-02
-1.140856752474725400e-02
1.220631617649768075e-01
-8.032131682147392038e-02
1.042811043139724309e-01
5.164848645031346747e-02
6.853788538342692194e-02
2.421183893230496875e-03
1.437557091202918136e-01
1.203211985834714559e-01
3.388248657211990755e-01
2.173327363284576486e-01
2.875762299671891786e-01
2.000097629530976084e-01
2.897042204502057738e-01
2.197409266163304342e-01
1.768863957663281694e-01
1.816070836696751234e-01
3.095426380535866717e-01
5.153980086838455543e-01
3.380488197830147090e-01
1.543886232425774330e-01
5.123207419680644303e-01
3.117828831981839244e-01
3.382154721390776553e-01
3.397292314683917347e-01
5.706519594191560296e-01
3.604040693671042850e-01
4.756702344007089911e-01
6.104737996139871781e-01
4.505131431490512206e-01
5.826882408524147738e-01
5.864382678363248003e-01
6.317783768109744846e-01
5.635339878605196695e-01
7.745762333902638241e-01
6.834665927343206437e-01
6.829056863482199091e-01
7.274850600430234904e-01
8.697844302163189045e-01
7.187220441202359922e-01
7.450762775646870839e-01
6.390889495012076482e-01
8.653810125981165058e-01
9.237842542183580807e-01
8.422457563381821055e-01
7.785126754111892922e-01
9.522366921251348426e-01
9.427431659044509527e-01
8.592914531963666835e-01
8.366854541153534441e-01
1.070530411485157263e+00
7.769189162744953858e-01
8.871450909456001233e-01
1.064235823411785464e+00
9.493576818381384008e-01
9.794784598519791219e-01
8.952392204717770641e-01
1.079904835175635291e+00
9.955897823568664595e-01
8.816003419101430261e-01
7.562865231435870195e-01
8.857024034657006162e-01
6.950743896664651755e-01
8.106841484178345381e-01
7.649022151044249096e-01
7.624303476315246186e-01
7.491972500145929192e-01
7.447053432999344302e-01
7.696571555362369255e-01
7.159533090012081269e-01
5.562469526455950941e-01
5.174572816345667237e-01
5.289342001641295088e-01
7.343299263478683114e-01
7.336157565635460509e-01
4.687792113138284922e-01
5.640935902872650232e-01
5.737367871972007816e-01
6.268691820201086617e-01
5.290888218509771646e-01
4.280395573980878554e-01
5.557396394788223226e-01
5.524477331312735995e-01
3.556926187783593374e-01
3.877295522405171391e-01
3.813491722158489639e-01
1.983388441336328689e-01
4.112522046024250644e-01
3.405378600019584034e-01
4.032692107613015664e-01
9.270670081713108801e-02
2.572809607117216291e-01
1.600424626586056664e-01
2.436863126940240765e-01
1.704121285524400342e-01
2.302085167057415505e-01
3.039079326197975384e-01
2.078159491807473058e-01
3.132017309787241133e-02
7.132122908081760249e-02
2.424048689497192710e-01
1.952732665578876259e-01
1.828575143814082857e-02
-4.029538406187549437e-02
4.039894182585775789e-02
1.882387125064124700e-01
-1.403502891857102974e-02
2.735094365096758795e-02
5.612522801033514863e-02
6.857809039235163162e-03
1.212452066700641928e-01
1.580035613074652345e-01
4.095111960463251322e-01
2.878151301054223676e-01
2.834271809879302939e-01
3.338417583780793896e-01
2.707060967993433209e-01
2.128819641951650576e-01
3.715973094092346329e-01
2.636405875190896420e-01
4.061831414122537010e-01
3.630724723094407302e-01
2.188175431485098743e-01
4.353628258993286204e-01
5.328606852959913986e-01
4.420927511519769371e-01
2.462723075713806609e-01
5.789759374890274257e-01
4.146311841862425074e-01
5.617151398144638597e-01
5.704206979616209816e-01
5.603567134395475158e-01
6.620787332638530254e-01
6.072999923818709345e-01
7.074856545004930553e-01
6.756941790558063099e-01
7.000530838682635926e-01
8.546225393439008666e-01
8.605822995877436821e-01
7.660495331298566857e-01
7.358369023521600383e-01
1.038999196782870893e+00
7.874977123279460756e-01
9.831088660691607028e-01
8.404387256485313928e-01
8.775027571133677817e-01
9.221420529986086301e-01
9.270720855374957603e-01
8.073606593955005017e-01
1.036116458710418575e+00
1.013242426897153159e+00
9.454676471921977798e-01
1.143157163128160736e+00
7.751516052734443996e-01
9.533539550995697720e-01
9.935391213274907818e-01
9.689442427242695999e-01
7.883446754829999126e-01
8.643697709429809528e-01
8.232639601964182319e-01
9.118016564098399002e-01
6.839661302021351474e-01
8.808387729369984154e-01
6.363898377167733766e-01
7.279908161601770233e-01
9.152764192312042857e-01
6.300530485207761489e-01
7.571809563881019001e-01
7.245296493476509614e-01
6.278241429373576654e-01
6.748384088887855459e-01
6.108257152273581791e-01
4.422128488284194359e-01
7.148749198815735895e-01
5.545058441266693672e-01
5.203209617830899525e-01
5.089945128936321783e-01
6.138634487679887064e-01
2.204494644612050580e-01
5.719228606268687010e-01
5.537836475692590188e-01
5.151584799659503222e-01
4.702732678044478365e-01
5.100176220473017219e-01
4.474011009406683170e-01
2.304829768888983221e-01
2.132016616786550356e-01
4.052764864915686660e-01
2.758445387891860778e-01
1.812782750649686303e-01
3.866691581708288084e-01
1.352020054376871783e-01
3.251664021231177593e-01
4.325362608731922465e-01
2.501722414152636187e-01
2.414731484971307518e-01
1.441055800011464272e-01
8.717443309480571445e-02
9.682444485336458295e-02
1.415659856563903085e-01
6.615545619456206228e-02
1.291498881712201119e-01
9.480541938785520123e-03
2.216782940679095926e-01
1.887785560604258728e-01
2.142968427728964564e-01
1.846226084509296483e-01
1.554268186694320875e-01
2.247998905279733894e-01
-4.339540933425631297e-02
2.926484892617119971e-01
1.127425040449688415e-01
1.043747813667302432e-01
1.113631016013634928e-01
2.822225243390016902e-01
1.591509571024560254e-01
3.995230417467952599e-01
3.707746547885557020e-01
3.212306450028626914e-01
2.871112798686166756e-01
3.900000809363404763e-01
4.911333668997840962e-01
3.723799782135137071e-01
6.085255859945450929e-01
5.618899056097741429e-01
3.280060996693414666e-01
6.454009568846785783e-01
4.622603183990884324e-01
4.569373823833661752e-01
6.739507774107995619e-01
4.756332283628147417e-01
5.882635886187801422e-01
6.490159393603408544e-01
5.633198439691629034e-01
7.630526655726911356e-01
7.429180654161087194e-01
6.550218636124595095e-01
5.858483319073858331e-01
6.853249042097725452e-01
8.105823378545140567e-01
7.338050991755910024e-01
8.212565109065312896e-01
8.388998886172787106e-01
9.198552226122520548e-01
8.846988115362237615e-01
8.529305984884725245e-01
8.737842726108234759e-01
9.474106778120601202e-01
9.288679414804252854e-01
9.383006012748240643e-01
8.500904195453119483e-01
8.928664312621843457e-01
1.090546675196315984e+00
1.046313460931193484e+00
8.593371216787147882e-01
9.753659229982708512e-01
9.487125857422110675e-01
8.439339778764051170e-01
9.486163653828186826e-01
7.553879594544095077e-01
9.626597770346982941e-01
8.366975594043281061e-01
9.282733960750396696e-01
6.934851773445868117e-01
8.879763235262975174e-01
7.949655874447575377e-01
5.972091216665305069e-01
6.341969350647800319e-01
9.508548316206502093e-01
6.871443846833313884e-01
5.064746669610340479e-01
8.150972490581341878e-01
6.299045441728242656e-01
5.663915863764451553e-01
4.248388493366802576e-01
4.207742970355961565e-01
4.228905911265329332e-01
4.891663288709046653e-01
3.804653255920247279e-01
6.492122000062025000e-01
5.263270962676385167e-01
4.698205378721683201e-01
5.152872462222328753e-01
4.643727238140116231e-01
4.812748531112630568e-01
4.497163585766030813e-01
4.583535623412719473e-01
2.775673438972350859e-01
1.458624293752851797e-01
2.344290393042514353e-01
1.950025278976134646e-01
1.386170656537309698e-01
2.086692472487558514e-01
4.312025435785103444e-01
1.250496991707766015e-01
1.334518183476443853e-01
1.830959817508254761e-01
6.408427970249153116e-03
9.503043363154674295e-02
1.878789604855939654e-01
3.262249710741550734e-02
2.116543694220528460e-01
-1.667237979853532226e-01
5.359083438245862419e-02
-2.009556499679136243e-01
7.394278158766126596e-02
1.728885660198954399e-01
-1.579954029115236136e-01
1.228040025799339713e-01
7.175100712020854310e-02
1.869178316496544479e-01
-7.802888152604048333e-04
4.103350715847005614e-01
3.286076982607030184e-01
3.572910518221936726e-01
1.757210298665635995e-01
3.449216060162424990e-01
2.416476823218665082e-01
2.928066098090274516e-01
4.742813395982115043e-01
4.430234358245017656e-01
5.115498330102744573e-01
4.521890762188825463e-01
3.493634034723823167e-01
4.531518836507082426e-01
5.034687895270152369e-01
4.893449557509079173e-01
3.315008373565799804e-01
5.399232197386442111e-01
5.138680317875438108e-01
5.074378476560886808e-01
4.293266845944828103e-01
7.247124586048828698e-01
5.477222094082847548e-01
7.225941916744161864e-01
8.084875747698987425e-01
6.904104734389768794e-01
5.197663354198895913e-01
7.285585327281692836e-01
6.641666195773602288e-01
8.872733935946113260e-01
7.494129375503164603e-01
9.249998632891363037e-01
7.533052325762157331e-01
9.830341373901517743e-01
8.502983149561033072e-01
9.855139278337876618e-01
1.005979807691006256e+00
8.909753461993131785e-01
1.116240541392850005e+00
8.993041385697656542e-01
1.041530603104402042e+00
1.095028660520485753e+00
9.926053976057799266e-01
1.111002645540198674e+00
1.000377436296587597e+00
9.938075272339826904e-01
9.607371733879420672e-01
1.112026347604780474e+00
7.937198422239220008e-01
9.922373542371516475e-01
8.945720518233357677e-01
7.078215076427892827e-01
7.821985367522461541e-01
7.614234516589256652e-01
7.884661254626902371e-01
8.494435624602215684e-01
6.714351382882797203e-01
5.560231808029266753e-01
6.501115124244418730e-01
5.763801394436420811e-01
5.837136323382373648e-01
7.324450441327317041e-01
5.850114858679733576e-01
5.809067083827492706e-01
5.617354769200249009e-01
4.312012729956160584e-01
5.019030850476184913e-01
4.393465076386959822e-01
4.641254871480159916e-01
4.218893127113738095e-01
3.477786615028400918e-01
4.670462963721745964e-01
4.462375848005226686e-01
3.506497668153233382e-01
3.732642239047477828e-01
2.432469321989941258e-01
3.541865933715055981e-01
5.401778985703326041e-01
1.028163933879572278e-02
2.120587093429634751e-01
2.381768459361597867e-01
1.439519440470401201e-01
1.290205688387345284e-01
7.705504688199733831e-02
4.409128243073455466e-02
1.274332116691140049e-01
1.931197659931295496e-02
2.458861659672475775e-01
2.417315389742647480e-01
1.379715668574086895e-01
3.667070639787478603e-02
-1.119667686984893579e-01
-9.095095033036020016e-02
1.339744275963088982e-01
8.500755048957565896e-02
4.346622024982083748e-02
4.521546105459234299e-02
1.207501680217117346e-01
2.004366672011852757e-01
2.332049956446077821e-01
2.584945807049392474e-01
2.529877317147656290e-01
2.155339869943709852e-01
1.657678967827290739e-01
4.139341660965141223e-01
2.482528342521322651e-01
2.590277099535192029e-01
2.150937126671432775e-01
4.139875555295865484e-01
4.884652155322982137e-01
3.239299266792465826e-01
3.294343404511016482e-01
2.680174426623559980e-01
3.335098319054008997e-01
3.974249698174810996e-01
4.466217776211723889e-01
3.385800126345545058e-01
5.306188344336365548e-01
5.617624963176695019e-01
3.548478090370993376e-01
8.093813486754677378e-01
5.190107139921491530e-01
8.628185222734857662e-01
6.240234993288062970e-01
6.206434829833574751e-01
8.006435659757396017e-01
6.750786546068813232e-01
5.956283167970032322e-01
5.750342628385485266e-01
7.089891318753185345e-01
8.568987249998941680e-01
1.026242434161843242e+00
7.392838919744690873e-01
9.784899757975208390e-01
1.019826941775131113e+00
9.732975625800173169e-01
9.726510369177937543e-01
9.266229035364679234e-01
8.622934963937556319e-01
9.435641454068361966e-01
8.284136436035819395e-01
1.005225923090599549e+00
1.109456850191789190e+00
1.075268389362511456e+00
8.208556623959475385e-01
1.050800820964097770e+00
8.132105675819647495e-01
8.533904909245665360e-01
8.614448114102938314e-01
7.160823603561589090e-01
5.973367238776535748e-01
8.736301836151296740e-01
6.871292718878952988e-01
8.604169786779428675e-01
6.971253616964458999e-01
7.592853193457280714e-01
6.657399985011077659e-01
5.964393236027312195e-01
5.395791625338026698e-01
6.368838183231023686e-01
6.526719975594592604e-01
6.295595589407179116e-01
8.745155158890660640e-01
6.727255524901420980e-01
4.869454853325032584e-01
6.482246315577546714e-01
7.458806636517112398e-01
6.008259019280304258e-01
2.333351248318842330e-01
5.334368606923016731e-01
4.616948991214355758e-01
3.132812087819565883e-01
5.556253211953288140e-01
3.753452996291387067e-01
4.384214581818827727e-01
2.457724834606024311e-01
4.335135604385418340e-01
3.419385266830187176e-01
2.751285751910735322e-01
1.802004012609168537e-01
2.161104255711369104e-01
2.052603879511706586e-01
2.203875479362261136e-01
2.578873874079908313e-01
5.496221835320808102e-02
3.279806302593336886e-02
2.121819156943836049e-01
1.772353042638640241e-01
-1.737933849436508471e-02
7.204074567396132056e-02
-1.818768829023268557e-02
3.155888325749424406e-02
4.377946537206781064e-02
2.172977256542399718e-02
1.715741419090050512e-01
3.537885530559828351e-02
-6.058809304265833084e-03
-7.417331871847140934e-02
1.049313099925834880e-01
2.131489243267103151e-01
2.757402848701668852e-01
1.573824573259739179e-01
2.505640379007350038e-01
1.324234952027537604e-01
3.362306560134469269e-01
1.272605734266512301e-01
3.115340747013535805e-01
1.918710535695578867e-01
1.254368594247213253e-01
3.012682396761139358e-01
3.825153159469693587e-01
4.840975076202913563e-01
4.641149071170528884e-01
5.979938731554097497e-01
6.542941477879404832e-01
5.577054815465284365e-01
5.098334793698631184e-01
4.607198681569028009e-01
4.217640924057292628e-01
5.884949877896320514e-01
7.409954511633251029e-01
7.575841345269538341e-01
6.644138769139715794e-01
6.055186770323848222e-01
6.168163563313092679e-01
7.032046883826323924e-01
6.089431476144777644e-01
6.143450241526621225e-01
6.589018592026005816e-01
9.145086480545632224e-01
7.039439739869741697e-01
8.617739671735434870e-01
8.197236903711114797e-01
9.286478405047740026e-01
1.005639734799816054e+00
9.098039047878813124e-01
8.227377290537603027e-01
9.255253786284020068e-01
9.554743971177348527e-01
1.056832577404293039e+00
9.668185304141138081e-01
1.018917287470879840e+00
1.076850294780251183e+00
1.111730508905274473e+00
9.961091328922783150e-01
1.161812755021457422e+00
7.917330940984824705e-01
8.203586257503798773e-01
9.769365198893106284e-01
8.460034619505376607e-01
7.106350541020700629e-01
8.872745271440471981e-01
7.829967930328129988e-01
8.281180365749312156e-01
7.808134673406561532e-01
6.406226275992324970e-01
8.862130716974185862e-01
9.050871571510408220e-01
5.593673252278781316e-01
5.687160751274384918e-01
5.097060510200396299e-01
6.437746337016025944e-01
4.780628174709599110e-01
4.905583104632426639e-01
4.321468374093028197e-01
4.879099424297862475e-01
7.610726714173646767e-01
3.911480685517695344e-01
4.298274940605404937e-01
3.838709614555131933e-01
5.405564833194276275e-01
5.639070387360044512e-01
3.514103238655657546e-01
3.464569598574998577e-01
4.246243951695693464e-01
3.790153821099179199e-01
2.533196265535293534e-01
4.744659495925588333e-01
1.510548875357838605e-01
3.144656943266803673e-01
3.146048529974329044e-01
2.081527686379940345e-01
2.163647322695233521e-02
9.462985666132769924e-02
2.591347625395774568e-01
1.395976127362361097e-01
1.266123828463703860e-01
-1.217690514380495581e-02
1.279964281048130148e-01
4.615026556769755151e-02
-1.372971229739775867e-01
2.182051886850413375e-03
1.845064261683020956e-01
2.951393429325822604e-01
-1.456633884872157170e-01
1.098451891575547290e-01
1.024109424980590571e-01
2.036476824015517328e-01
1.807718324573028001e-01
1.452191710515348122e-01
8.960510380122749252e-02
2.236304552898116804e-01
1.376889880902494867e-01
3.040740998368445802e-01
3.881663399512798041e-01
3.251841161973678673e-01
2.957993196088786747e-01
4.972963196049350332e-01
3.842823324002643814e-01
3.415954373524076604e-01
4.209372367709054430e-01
3.895702172263024177e-01
3.350733361562909796e-01
4.700976142204927877e-01
2.579948137072032299e-01
5.163792906333111166e-01
3.822449959348723780e-01
4.152171117557704738e-01
5.199301172062043008e-01
4.221857506212823852e-01
6.598265566274763572e-01
6.623809152069698447e-01
6.550115605240658390e-01
7.418945596498309758e-01
5.473762510256700020e-01
6.266602167312870231e-01
8.462450597895478932e-01
8.555032708430132526e-01
9.194883912783509139e-01
7.755897287482231839e-01
7.316133202505349375e-01
6.800050164368517391e-01
8.120576791211658874e-01
8.651772807797913911e-01
8.956601678777399433e-01
9.437572497789643577e-01
8.072301948629235779e-01
9.561790687630984387e-01
8.755369429051411689e-01
8.322155571300460242e-01
1.015777827307083658e+00
1.043849561893874567e+00
9.088291164427524382e-01
1.094883717240900944e+00
1.027579322829689890e+00
1.060117056027587656e+00
8.773899184444450272e-01
1.148337878808392443e+00
8.594825843861776393e-01
6.768350086312928671e-01
8.931263806901159619e-01
8.381097891628306318e-01
9.331955068480355386e-01
9.377505376444006391e-01
6.992303801901943450e-01
7.962675869040838350e-01
6.677375788016272073e-01
7.165959909553882845e-01
9.358703170978253105e-01
5.949490555961060023e-01
6.911004361014221331e-01
6.019433454105230785e-01
4.813519854225498107e-01
6.610503451209877035e-01
4.799677454739609828e-01
5.653374235857950847e-01
5.226030823093288369e-01
6.059917683493400986e-01
4.831297188897640260e-01
4.231319951033725157e-01
4.726108454501107281e-01
5.348475757256837548e-01
4.264619542642604788e-01
4.940989405924882671e-01
4.262434116120077388e-01
2.985389511148914821e-01
3.361717346116145921e-01
4.635222068896309722e-01
4.720847920481182625e-01
1.824298038485059337e-01
2.784949043066955454e-01
-3.888918409830330325e-02
1.630655876389671410e-01
1.843913445797340789e-01
1.542671608952679296e-01
1.719759090086283027e-01
-2.576402451484630096e-02
8.338211782064400279e-02
2.164950437656208981e-01
2.657076813893436418e-01
-1.513773635095791437e-02
4.822210600227042065e-02
5.592777969876346067e-03
2.366538280131672001e-01
-6.553247766759195958e-03
2.447427585059864796e-01
3.247440654674210725e-01
1.209689706990124403e-01
3.126253317165891832e-01
1.933718191157988986e-01
4.481252758846527851e-01
3.444849066396966641e-01
3.081109479479421376e-01
4.328388853240133227e-01
3.362852743672516409e-01
6.409622746077237032e-01
5.653132670009409777e-01
7.142168824214211176e-01
4.696146269050748279e-01
8.052750028900708124e-01
9.752937317810081996e-01
7.571030943891580156e-01
7.750883033517044218e-01
9.711289146840903497e-01
9.484696527558091894e-01
1.040960928116871465e+00
1.064467267526223004e+00
1.109969579459776146e+00
1.118762599039517136e+00
1.279293673884723592e+00
1.272267474757162953e+00
1.263374627932610572e+00
1.416302965142614001e+00
1.202367475857916146e+00
1.177678296438795513e+00
1.308105367970501698e+00
1.559140129635668615e+00
1.472587167277474407e+00
1.422906782170900497e+00
1.461258064453741623e+00
1.473630507238378851e+00
1.685750367119540849e+00
1.812332528376973118e+00
1.640139466926205936e+00
1.733717292282423328e+00
1.821248837863862269e+00
1.945986955182451350e+00
1.921580499036847911e+00
1.868777173335859132e+00
1.667578242323286775e+00
2.015798127129842410e+00
1.923837110029393838e+00
2.004373988311535904e+00
1.946166111467054760e+00
2.004739663975233732e+00
2.107849492627206001e+00
1.850941565580115133e+00
1.807384848643202924e+00
1.691514671294732652e+00
1.800154459593905631e+00
1.575034826639057250e+00
1.656606581785330157e+00
1.542139985477258168e+00
1.469267135431677529e+00
1.545813153050137556e+00
1.621971153245605368e+00
1.389354882786622225e+00
1.404999922554329705e+00
1.289859528055894655e+00
1.341090831702950847e+00
1.189705241217783982e+00
1.277405800768610433e+00
1.328564120216204181e+00
1.238325214169471167e+00
1.008520224895536277e+00
1.000141477313427618e+00
1.120602638206062318e+00
9.840365825126317079e-01
1.060363225525380981e+00
7.308189783955507668e-01
8.465567317843178952e-01
7.241293450221544248e-01
8.149097927178222678e-01
5.818374928925165168e-01
7.553581163657282493e-01
7.336545278521985347e-01
5.927896039929219096e-01
5.916502478727370118e-01
3.893814241429929268e-01
4.416752999686529568e-01
4.904940444038833336e-01
5.970998218821904624e-01
3.533079812548154397e-01
3.820758448857535239e-01
4.196378293393031589e-01
3.682081957783914783e-01
1.707449490403085135e-01
2.726145928968012888e-01
2.435321657273489815e-01
2.834105127951376535e-02
6.416405231810043408e-02
9.867227186297100605e-02
8.910021046912175446e-02
-3.231845891954979177e-02
1.169174784571988673e-01
2.383083470419249672e-01
2.127621269859246156e-01
2.005865200153020278e-01
1.973218483998838146e-01
2.825146377832822298e-01
5.143422651176094984e-01
4.963050132057036379e-01
3.297875257764463774e-01
3.172917127818945526e-01
6.479943790553022165e-01
4.673694217454621991e-01
6.427088030918013395e-01
7.074468520984580344e-01
6.257751282299824913e-01
8.584155613276180929e-01
7.563544017887885440e-01
8.743775542254023092e-01
8.343038781136283832e-01
1.156250745248758927e+00
8.971775622847889542e-01
8.604741025553468425e-01
9.706329633353417696e-01
9.880256584290649791e-01
1.044580737347086119e+00
1.139571574938992082e+00
1.231441316553541387e+00
1.194231117671972653e+00
1.113230476258536994e+00
1.191142483700219357e+00
1.290270756622323489e+00
1.172458612737095729e+00
1.437703568830378531e+00
1.393196957792941282e+00
1.571793596304164931e+00
1.613447259721394023e+00
1.658760805131520577e+00
1.511352812596136630e+00
1.652859839518000751e+00
1.693043387622680251e+00
1.737600702572018152e+00
1.743453239128626819e+00
1.686744479325578805e+00
1.803744847230045689e+00
1.866527168915292245e+00
1.864577735280461557e+00
1.946002392302168094e+00
1.981247216538064349e+00
1.945708603988123730e+00
1.917069633969078923e+00
1.935273529313107588e+00
1.829190171582003588e+00
1.917816771421914090e+00
1.907193897369285907e+00
1.797041976260212559e+00
1.778681461411987463e+00
1.485269220135313040e+00
1.572818229840004856e+00
1.654314383875110206e+00
1.383729824967026678e+00
1.622662900635395200e+00
1.376901416651912902e+00
1.563545536005658265e+00
1.511919529261040340e+00
1.225330838322027605e+00
1.265631877090038548e+00
1.166524577309316912e+00
1.210349200121482172e+00
1.263084843584483696e+00
1.304373544532014595e+00
1.092409102562355461e+00
1.147636896038269683e+00
9.570833384677508437e-01
1.005095185029953209e+00
1.062993712024595583e+00
7.430977678318171353e-01
7.143775979245421404e-01
8.494960553416136539e-01
9.165121443808568191e-01
8.258112555327832283e-01
5.996374436953832987e-01
6.055740917429267567e-01
5.803029512275129642e-01
4.904439392606535497e-01
4.488847186996157146e-01
5.348268767965806969e-01
4.933226938963045649e-01
5.755770181491896009e-01
5.167679431888139163e-01
3.036173886345620576e-01
2.730796042733777407e-01
2.150003911955755687e-01
1.234071323896342304e-01
1.871334352399071921e-01
2.458838326614821712e-01
4.671509086866722227e-02
3.055727437494576426e-02
1.126476612670392896e-01
-1.232570208309471116e-01
2.603068956632625386e-01
2.293165672582988535e-01
8.537852280278558637e-02
5.287436896123165475e-02
1.240736378996225575e-01
1.548129747273500889e-01
2.081198234578465478e-01
2.757942549008157718e-01
4.010197272220716314e-01
2.783571701622298278e-01
4.574285428496546180e-01
5.726725169685513706e-01
5.511836320039367187e-01
6.116856096254144060e-01
7.015121062358340431e-01
5.698858326399910412e-01
8.345639361514027854e-01
8.447342067882974703e-01
8.053208320591520586e-01
8.928729313994255845e-01
8.497421616645022269e-01
1.128829684259158306e+00
1.016798935092454004e+00
1.084429239065002770e+00
1.115455952287612629e+00
1.192985091393202524e+00
1.019558459287409624e+00
1.160335624883006123e+00
1.170955804066445838e+00
1.257476509698765454e+00
1.169636850270436623e+00
1.373931812659665797e+00
1.366844299482533609e+00
1.325327525077068858e+00
1.467627778534918104e+00
1.502644512860430215e+00
1.411684701377158069e+00
1.500601060105129836e+00
1.674110031046730951e+00
1.541445701166516802e+00
1.678211926374040708e+00
1.773717397169350951e+00
1.728000868358078312e+00
1.761266853076439487e+00
1.852045340790317018e+00
1.843971326230141150e+00
2.254878077261135427e+00
2.042794620209021694e+00
1.953043985465442445e+00
2.099519610492621702e+00
1.965683162650689209e+00
1.956801858326832289e+00
1.906489159823447688e+00
1.962188553836603955e+00
1.759143115552270986e+00
1.748272918842516788e+00
1.805256999123650230e+00
1.576394716442481636e+00
1.668070799129358406e+00
1.496170642544156992e+00
1.687303305342224391e+00
1.601622521576614444e+00
1.283785321327340245e+00
1.347078396015150226e+00
1.556039224052943482e+00
1.392084585154921061e+00
1.266305890125751343e+00
1.285681486089000014e+00
1.146713821580806814e+00
1.176256071757174615e+00
1.265838208013113420e+00
1.222861101594782784e+00
1.132920618348623343e+00
1.038710835913821962e+00
1.037941812054959279e+00
9.188037391624950256e-01
9.062608079215153101e-01
8.812195539309399805e-01
9.120195177237321316e-01
6.497505502112387310e-01
5.750506183143107020e-01
9.378152047067772612e-01
5.177742132530662733e-01
6.542003857849127968e-01
7.562255859250011092e-01
4.531545305970853810e-01
4.408025101425571690e-01
6.919079621325757712e-01
4.228046272717913001e-01
3.699788257767662736e-01
2.728175519789084458e-01
4.037760016014524389e-01
3.510254818903368323e-01
3.778584874681948369e-01
2.024117696970859082e-01
5.822840390508290942e-02
2.419889397889881666e-01
-9.795104312457890428e-02
-2.919145512035349610e-03
1.663398794856776886e-02
3.784140094114630398e-02
2.289879402956984944e-01
2.060612636623244398e-01
1.651725761934603187e-01
2.840899385428058421e-01
1.421380794774487477e-01
4.743478906357382341e-01
3.390147787152481551e-01
3.293007217732662473e-01
5.125757398287755784e-01
2.405930138789785511e-01
4.001913760379212093e-01
4.340135362623630533e-01
6.208786650965865128e-01
7.013561739197899936e-01
7.816824355483416031e-01
7.783086543635793220e-01
8.438487393497082767e-01
8.585655015152783287e-01
8.302037702089214433e-01
8.577429260611901807e-01
8.685301758147219164e-01
1.063273674336602026e+00
1.169090379924988099e+00
1.123420140545362989e+00
9.994267103340573888e-01
1.114482890335531495e+00
1.062266948537752498e+00
1.138812747319968066e+00
1.179798857545925950e+00
1.200467284085107611e+00
1.330928488552177269e+00
1.298790558691683694e+00
1.220701015321055127e+00
1.421859942812401911e+00
1.544740025064990085e+00
1.330525564987355525e+00
1.488894036600202142e+00
1.634408453740847644e+00
1.477411925978932006e+00
1.742717729384804626e+00
1.745997053928213028e+00
1.656998422958812167e+00
1.755866529881943805e+00
1.813383831515937628e+00
1.888378872570806610e+00
1.819256431099836480e+00
2.004509984514154297e+00
2.000947431677461363e+00
1.994953930415504617e+00
1.892377824669912778e+00
2.116465339206999641e+00
1.922442739272750334e+00
1.832729440765699325e+00
1.834460804018102742e+00
1.771208860247412531e+00
1.634791983961253470e+00
1.800691514201964605e+00
1.659402246513501433e+00
1.422456498462048469e+00
1.543976218750837681e+00
1.554293293330030856e+00
1.501669912772986004e+00
1.511614638325396553e+00
1.333272839120147157e+00
1.224760132902849907e+00
1.364939467794853867e+00
1.391443414571404524e+00
1.236688697473638410e+00
1.134497748668776396e+00
9.670555546467147767e-01
1.094259046513188061e+00
1.103172093918436403e+00
9.286380247399997900e-01
1.039756188584426644e+00
9.325762502109607999e-01
8.553941261898049264e-01
1.054972755530406925e+00
7.425236117603413177e-01
8.100012583950860767e-01
9.008835220256986576e-01
5.695696909548697562e-01
6.176599188050451161e-01
7.733962859669059053e-01
4.552078277936748574e-01
5.764392191954145206e-01
7.176016760790804305e-01
3.654567450538170337e-01
4.358930043039944691e-01
3.834921337580912137e-01
3.154262526287148205e-01
1.935308900069670490e-01
3.611449052457166853e-01
2.166613242598048050e-01
2.575500271959574317e-03
-8.833604616804713316e-03
3.564070511552177578e-01
7.726508365761447505e-02
1.407741114974900010e-01
2.616071185080269257e-01
9.676101931756017627e-02
1.227802985708909556e-01
2.135222616588286215e-01
2.984053001263570759e-01
2.117522643394936233e-01
5.227454948224778963e-01
3.184525728865056360e-01
2.965066643487825893e-01
3.420372477941387990e-01
2.943389239645934907e-01
4.198049077977037968e-01
4.605129440257831330e-01
3.250252640081591204e-01
5.150765441431748304e-01
7.248172634891256738e-01
5.991177605571113007e-01
5.366644305643354373e-01
5.900690318297792114e-01
7.133078932138926520e-01
9.255382305821826527e-01
6.807365439583172861e-01
9.409822540734125162e-01
1.117327994437020910e+00
9.908246838383223398e-01
1.070963701335320373e+00
1.114972761693063141e+00
9.350984870665101090e-01
9.931284281130803304e-01
1.040009325956971598e+00
1.125291989431579598e+00
1.404458612367422532e+00
1.357651718519536699e+00
1.284588424566061260e+00
1.420020938866828564e+00
1.554964420079865794e+00
1.499614587196132609e+00
1.419590879958976704e+00
1.752801351728707990e+00
1.691062971850538776e+00
1.597240542340737424e+00
1.710220339541976386e+00
1.647829187378415883e+00
1.747057380396311199e+00
1.794452788816377264e+00
1.888720493037857606e+00
1.977506350160017412e+00
1.901031866058615183e+00
2.031699240444915233e+00
1.843830200602425640e+00
2.012801372711239267e+00
2.023312536897851732e+00
1.753525507196699307e+00
1.714968474914440932e+00
1.849809015079166841e+00
1.903837878647717252e+00
1.756786853990529806e+00
1.689914810635526399e+00
1.739553783285093580e+00
1.738255968266367857e+00
1.572420354106748297e+00
1.621632614610762912e+00
1.511116365782527948e+00
1.413075298588547302e+00
1.321825717142705248e+00
1.477657827528046974e+00
1.232251027153310696e+00
1.359883151663907830e+00
1.141785874725502747e+00
1.292726583275375818e+00
1.271035000345058785e+00
1.317979353153359900e+00
9.639353173456473023e-01
8.728402587155472681e-01
9.828580973948367605e-01
1.145190643201386305e+00
8.548704742223045550e-01
9.500851876898476212e-01
8.707108857512920741e-01
8.255457913918086144e-01
5.845472119246825082e-01
8.161751603286063750e-01
8.022604618385442699e-01
7.112473863728836498e-01
5.751993948898785902e-01
5.024964373136292517e-01
5.701546851121283010e-01
5.021922167154234673e-01
4.819282954264896279e-01
5.237543833771377555e-01
4.355676229904644758e-01
1.801000293400258634e-01
2.274451134029005783e-01
1.766969049596602837e-01
9.651064235061129759e-02
3.028088778213371413e-01
2.204707172657338343e-01
1.359256389875805604e-01
-5.678413132137748176e-02
-7.333223122386317572e-02
1.187682718624538669e-01
1.465721334224689421e-01
-1.718456958074920937e-02
8.271331825921750258e-02
3.035337214525436478e-01
3.016866884813854122e-01
2.679668900142558874e-01
3.251729826975507942e-01
4.708364528174796004e-01
3.364151561579919458e-01
3.730265939958938293e-01
3.962832424624705419e-01
6.764701198290288264e-01
5.294482758267584632e-01
5.816875231200795415e-01
7.151140510865379163e-01
7.440178863450954694e-01
6.013931841901013486e-01
7.890564378742387364e-01
9.660300927133409488e-01
9.025553318272074854e-01
7.438115230776300990e-01
9.803658613772500141e-01
8.579797464158709364e-01
9.602158918147364330e-01
1.002823564973113424e+00
1.034280068817329257e+00
1.051537452023333596e+00
1.152849287963516378e+00
1.200938916631173692e+00
1.260774302112308787e+00
1.196998210635834781e+00
1.507766392943507672e+00
1.360056760331174619e+00
1.526781835880071991e+00
1.492903422337894082e+00
1.528625877532594268e+00
1.499481381345110220e+00
1.559229496277727556e+00
1.618070104090612027e+00
1.606649960540792899e+00
1.612834695923929251e+00
1.799048167149601696e+00
1.664130749645834184e+00
1.909388560526831702e+00
1.900947929249012791e+00
1.848029948260710986e+00
2.021373130194733747e+00
1.881689690906186874e+00
1.933877663242808964e+00
1.991484419164819553e+00
1.957931481309014510e+00
1.975421979597968170e+00
1.852066717424167619e+00
1.901565753468458908e+00
2.022538157698001715e+00
1.843514455802023333e+00
1.937284456186608939e+00
1.780692796901895525e+00
1.576225021509380486e+00
1.654321929508314915e+00
1.553899653929683655e+00
1.388488692204770780e+00
1.630484864473933371e+00
1.442756695780154308e+00
1.427707422833335738e+00
1.315208359081662337e+00
1.128960209977751372e+00
1.212873729728221495e+00
1.147192200117341132e+00
1.305977497430697243e+00
1.150258663666512415e+00
1.036603466174051080e+00
1.060864977462044889e+00
1.035536769346086183e+00
1.172601403849322432e+00
8.778646141449256701e-01
8.957214428741286927e-01
9.368700130042022511e-01
7.668594780452659965e-01
8.150339552819477751e-01
9.557495960905175725e-01
7.297684911024642229e-01
7.129724459869257736e-01
5.304773754958634902e-01
7.336757883929039270e-01
6.931140132577151558e-01
3.629167809977549286e-01
6.105798201812205894e-01
4.464304083795739286e-01
3.940630565336394886e-01
2.603650749681334364e-01
2.763500566068815001e-01
2.767745395225304494e-01
1.897507531243210754e-01
7.528645800202798943e-02
-2.661878655227725710e-02
2.142700909193605563e-01
1.464883066833260750e-01
-7.496642598192140849e-02
5.891643461920668262e-02
3.241344853296339590e-01
-1.101463396448186527e-01
1.354401603843173041e-01
9.630427719225131966e-02
3.988719879007491254e-01
3.093302146370571770e-01
2.196361966820558065e-01
2.473277420406150007e-01
4.124704465079909177e-01
4.587374818100040108e-01
4.081128491326992958e-01
5.475133218326084794e-01
6.087515300723231881e-01
6.122152504065224710e-01
5.579341572870245569e-01
5.494987998023337372e-01
7.293762669539178845e-01
7.903713943795672714e-01
7.433779571975783762e-01
7.326814100354600567e-01
8.178973721369040550e-01
1.016361016877336487e+00
8.049124234190464522e-01
1.152383758413132453e+00
9.997874941969804308e-01
1.125750622031040482e+00
1.166705861476582173e+00
1.223900535933220235e+00
1.200357002418348529e+00
1.180342734160711338e+00
1.167534544032439614e+00
1.392465746159545104e+00
1.294250550025841662e+00
1.397140306420185052e+00
1.527703672571487203e+00
1.652181065285260653e+00
1.618665378165475843e+00
1.519937390529315424e+00
1.414011920620036777e+00
1.610285156242373672e+00
1.612894114073081031e+00
1.853588187504708662e+00
1.858669950696316242e+00
1.771941929596208887e+00
1.745779602502330663e+00
1.981077316347994444e+00
1.916753339421172431e+00
2.046069398927474303e+00
2.004334864556851503e+00
2.067918259441650974e+00
2.009473678950173703e+00
1.911505305753923523e+00
1.792545364820963272e+00
1.621225296182208453e+00
1.642021912599926914e+00
1.954768004368254264e+00
1.764023425413927093e+00
1.438472573610922955e+00
1.685513080528648899e+00
1.675392015129699708e+00
1.701018944774624453e+00
1.456922174602906184e+00
1.545520806719545837e+00
1.487962912095440071e+00
1.351952850997954370e+00
1.440614872339529118e+00
1.139324148877512766e+00
1.443548996825854802e+00
1.249772443985850412e+00
1.140154471559216232e+00
1.129554991578984424e+00
1.153197832654759614e+00
9.540095746001012733e-01
1.229430955371567880e+00
1.113925033989050517e+00
9.534143707176317983e-01
7.993450290704601224e-01
7.625766000152706114e-01
8.280251692229253502e-01
7.071968765373268795e-01
8.547444871176199666e-01
6.582611825574820053e-01
7.490586262130667361e-01
6.414212927609882486e-01
6.787194467675553566e-01
5.230063209268888125e-01
5.998683128492933170e-01
4.362176580762645584e-01
3.155619567351769517e-01
2.585523807213943037e-01
3.974640060558278787e-01
3.618737706079524497e-01
2.220896815326089957e-01
3.227416223547895369e-01
2.336164732932372035e-02
1.204303454546424845e-01
1.091963710879764460e-01
-3.997812288854320217e-02
-1.692374941451565973e-02
2.188743875147211235e-02
-3.882230804491554332e-02
1.356109397439604347e-01
2.204789782048021674e-01
2.233033068407098698e-01
2.433742234949178851e-01
4.027552150342020854e-01
2.670241649182937826e-01
2.639672896900149279e-01
4.965447705323174921e-01
6.234724699449502028e-01
3.735038702529084320e-01
3.864646359729011493e-01
6.995988037215667976e-01
6.336856962347999778e-01
7.062562725498290339e-01
6.743623253236663562e-01
8.325221085861382875e-01
6.170992244985176178e-01
8.476717242166450506e-01
9.264091585313322108e-01
8.217354321814424045e-01
1.059076068395920167e+00
9.868507417340448562e-01
9.507922599224736260e-01
1.119277363152670901e+00
1.004519733151411298e+00
1.060461116666610470e+00
1.172011760392181801e+00
1.164081755440732779e+00
1.269589322913347029e+00
1.441166961183176110e+00
1.360820004265420824e+00
1.284111906188294405e+00
1.343203900155827357e+00
1.417855076530416314e+00
1.572217864990859804e+00
1.502914190431949404e+00
1.576223963572380704e+00
1.755986141788184351e+00
1.584442130840419738e+00
1.582992232537323130e+00
1.687044462447502058e+00
1.583890961933893893e+00
1.946375831811946400e+00
1.905717457864599673e+00
1.817212919806167948e+00
1.943520152940947598e+00
2.019338850969182086e+00
2.030584218771811944e+00
2.126774429597283245e+00
1.860472612606024700e+00
1.948015894679570703e+00
2.028471536727616265e+00
1.783594477886261798e+00
1.989807228640613435e+00
1.773992645834579607e+00
1.672288370171630012e+00
1.613557797528151871e+00
1.661377113520878801e+00
1.491750250219928908e+00
1.754608618664249109e+00
1.457828080461578635e+00
1.379369033931218347e+00
1.363942172930343588e+00
1.504442136966838595e+00
1.449965085152923772e+00
1.435675812733855805e+00
1.254268837247078716e+00
1.018431532275779983e+00
1.048632587346312040e+00
9.791084109064762675e-01
1.298851394657993819e+00
1.029488050976794522e+00
1.089330147645445335e+00
1.041829346478420959e+00
9.179476921386187094e-01
9.188344118701363694e-01
8.931989538546052376e-01
8.515280299456163826e-01
8.306926423449363384e-01
7.971490152385984906e-01
6.714845814013703507e-01
7.215605638413425948e-01
6.235059413492730629e-01
4.956642209750224404e-01
6.510657219041231514e-01
5.334806337903850171e-01
3.445852377848661607e-01
2.678536986211126347e-01
6.067140715255782135e-01
3.775569396119854426e-01
3.240277232750513603e-01
2.634986692830190158e-01
1.793710116666069054e-01
2.820298290834684085e-01
3.326723653045862150e-01
9.873937833661669550e-02
1.254396846623628270e-01
8.324115063749404353e-02
-3.753931138772843151e-02
-7.146482586200597620e-03
7.557557974291985448e-02
2.659924466739524984e-01
2.750494899779114544e-01
3.811549413259897046e-01
3.591011788171583063e-01
2.532008279167269338e-01
3.413292764898885889e-01
4.736699477338268127e-01
4.435506130174770023e-01
5.388492816149460518e-01
4.422023606798731743e-01
3.887954088303580136e-01
5.271160538740757850e-01
4.964953097905705492e-01
6.306604972836817868e-01
6.993423232425757252e-01
6.730718947846506817e-01
7.105213668758978418e-01
8.806702416831004854e-01
8.205782694431646984e-01
8.948400727764401763e-01
8.962074524370082784e-01
1.030859515534543469e+00
1.100067635536727817e+00
8.450953512577284998e-01
1.122864069429684752e+00
1.268609565574283726e+00
1.103807931456026514e+00
1.149850566150546927e+00
1.165742123395282714e+00
1.423905244291385985e+00
1.604777802454168123e+00
1.288155075611094658e+00
1.488874106226697691e+00
1.453601830892971680e+00
1.525150013541309413e+00
1.521334768944204052e+00
1.597482414573641485e+00
1.517014360158518205e+00
1.556544392820917055e+00
1.977944924713372910e+00
1.715079871529035849e+00
1.948998649021061569e+00
1.925022213861206088e+00
1.898022917211947158e+00
1.900764273163435547e+00
2.127748775809170656e+00
1.897884874355976192e+00
1.706035841693437138e+00
1.887778656472913541e+00
1.949482411795504078e+00
1.961525988394718922e+00
1.856241135661509167e+00
2.032311672485979770e+00
1.861551427274354076e+00
1.651582747855549149e+00
1.776440029760204542e+00
1.527161242127398788e+00
1.610351949435181451e+00
1.469307999204585879e+00
1.403244395506807241e+00
1.528505616660053024e+00
1.447192724697023758e+00
1.364736975358419757e+00
1.339490638093811636e+00
1.286024393353646822e+00
1.301072972415591389e+00
1.054311106267288745e+00
1.163840741724236238e+00
1.191958437404420978e+00
1.168405353001993552e+00
1.070368341199135154e+00
1.021403014962109168e+00
1.067012868705630613e+00
9.773947735398559322e-01
9.212932823671875493e-01
1.075836313429898716e+00
1.022344554111954018e+00
6.138876507874351240e-01
6.919910618090852061e-01
6.085109619499087241e-01
7.301672208013946230e-01
8.246328947219083716e-01
5.320937030908435839e-01
5.719389221841619797e-01
5.562607803967528630e-01
5.781003211883394277e-01
4.303890536283781487e-01
4.380437284485619309e-01
4.205263557469135494e-01
3.094850145192900581e-01
2.715208686801282023e-01
4.201929883684230038e-01
3.321122896369482769e-01
7.508601178087920269e-02
1.904787231678600201e-01
2.365191149799552583e-01
-5.989422686200226303e-02
2.154716935055292215e-01
1.362008159685221265e-02
1.622592330688321927e-01
9.883634536485483291e-02
1.627038113432396904e-01
3.226711622104798671e-01
2.500738358494525304e-01
4.751839650103660828e-01
3.265099094895716481e-01
3.036590897818014501e-01
5.225989611664302315e-01
4.579843961268877384e-01
6.476797709528340219e-01
7.110489571219628102e-01
6.330087262809960258e-01
6.084631949827794539e-01
6.486554948679138510e-01
9.238723666305737048e-01
8.807339462877479264e-01
7.081739586144435439e-01
8.397382783744639090e-01
1.026720509762392153e+00
9.667584871606550445e-01
1.053862364834259990e+00
8.591384422811658705e-01
8.526220497564024337e-01
9.608140965132015987e-01
1.171958436760691447e+00
9.992693079681927992e-01
1.254750103936600469e+00
1.305240062303580473e+00
1.298156175917734689e+00
1.233264880984683121e+00
1.437399552237972777e+00
1.273175141965956714e+00
1.653451155853379095e+00
1.297257783929976815e+00
1.351207472150768307e+00
1.519903493623181445e+00
1.577974273575061037e+00
1.531695346239680733e+00
1.728691179351371954e+00
1.760035796314828982e+00
1.700105753546007792e+00
1.830241783799291921e+00
1.818309778767171370e+00
1.990539056276632968e+00
1.986351657961053174e+00
2.023569393559490948e+00
2.129505528989432239e+00
2.067687402568774591e+00
1.898860212829233562e+00
1.636265710374663174e+00
1.950852936837330631e+00
1.719062973105952796e+00
1.892997558375157041e+00
1.694726620709263498e+00
1.841311016512937382e+00
1.695961550122346839e+00
1.757533548762516107e+00
1.620540117979974326e+00
1.604708869806384497e+00
1.655545340064553450e+00
1.587759945500866188e+00
1.475432818336146035e+00
1.404319970451683997e+00
1.411637607112928627e+00
1.554415314638328383e+00
1.204676016526201598e+00
1.079521821210799759e+00
1.240260518404196599e+00
1.080663374431334756e+00
1.190965006449582253e+00
1.081156547813447277e+00
9.351426775002887881e-01
9.279666952513180300e-01
9.451841315595431725e-01
9.220043205884972393e-01
8.152901110168075949e-01
1.066570958918252821e+00
7.448976203742938562e-01
7.873666398500236419e-01
7.016571362964011405e-01
7.699214035953885205e-01
4.896495188295402201e-01
6.709775681212714060e-01
6.458280071998491190e-01
4.732832642056929440e-01
4.041793270352876388e-01
5.250362713387048963e-01
4.248525411131404694e-01
3.912967132761144273e-01
2.863056447725533249e-01
2.121650089498252068e-01
1.846161993926603295e-01
6.305130242881670788e-02
3.629857587816170961e-03
2.109702148916563491e-01
-6.561633532471931873e-02
1.276269066287728793e-01
9.418474189437793520e-02
1.249155844445071911e-02
1.087771432608393013e-01
8.943985550040062238e-02
2.216527612150918647e-01
9.113366976914555329e-02
2.088178816595453458e-01
4.226914601171224417e-01
2.671103752036416701e-01
4.588870818756475289e-01
4.403507179549470130e-01
5.455125270041243368e-01
5.500599630189328959e-01
5.015535505899766378e-01
3.789417675520272422e-01
6.279459506008657765e-01
4.921773434091187838e-01
6.889730602051866715e-01
8.072864105571403437e-01
8.018746843635849997e-01
8.784703862081033598e-01
1.005194372746205378e+00
8.274711156398485423e-01
9.348066316450266422e-01
1.128241298732821640e+00
8.117236038167867651e-01
9.786649832075384747e-01
8.573497969532281049e-01
1.049322631553578633e+00
8.227067768771515466e-01
8.189605199563191329e-01
6.800608757277306626e-01
7.349774016522205855e-01
7.871129433408455833e-01
7.613562214510798398e-01
5.846834401253646618e-01
6.236356517575207814e-01
4.584138083539485153e-01
5.565713678635809680e-01
6.219937273998342731e-01
4.480416080767288811e-01
3.169416533882786768e-01
3.411646911486248546e-01
1.966422461446069025e-01
4.830582970644441976e-01
1.601418336025013378e-01
7.274675047939496708e-02
2.458856319058662643e-01
7.968523567562599275e-02
-1.631956094117168743e-01
-6.477687078275052440e-03
-1.831578217450870183e-03
1.318885793279178653e-01
9.288748411932572224e-02
3.340390246644509009e-01
2.266423312729735351e-01
4.199854025804058422e-01
2.263738244663556498e-01
1.953745778579849268e-01
4.189003286842334917e-01
4.697368247744975189e-01
5.427347936049905508e-01
5.332490635619013819e-01
4.082282058749566733e-01
6.256372809850171413e-01
5.830638981423870160e-01
6.767256515676361994e-01
8.107547407875996814e-01
7.738218982682508740e-01
7.322753097386207610e-01
7.962904162022655941e-01
1.017594519527810437e+00
7.078072339628451726e-01
8.957676568492810576e-01
1.215555004544873530e+00
1.000028856744275885e+00
8.737153244177781053e-01
1.007393660349905851e+00
9.201711039089712774e-01
8.403870033186995325e-01
8.082565134956499753e-01
8.379246937927471439e-01
7.194895563142389427e-01
7.024613248875382077e-01
6.096329367142557798e-01
6.556710123369022813e-01
7.497571509460148054e-01
5.416131471095054772e-01
5.435141774981031570e-01
3.818761456675904276e-01
3.181544090316840157e-01
3.826029652410429249e-01
4.762473172013059752e-01
2.815197282681736746e-01
3.364745986862046068e-01
1.194461520361456003e-01
1.941487659135130994e-01
4.072992904038730266e-03
1.973259314075314491e-02
-1.625336347444273494e-02
9.395579167169350321e-02
3.857795644543218772e-02
1.338327250898302401e-01
9.547104289757910034e-02
2.727458234445420127e-01
1.163397222563554989e-01
3.630128661392145739e-01
3.531383908604895372e-01
2.876117685484557152e-01
4.547433058780875892e-01
3.708745875743710840e-01
5.135910969925953085e-01
5.294971643661364746e-01
4.617651638157647120e-01
5.907125812577527224e-01
5.794781524945511464e-01
6.126776520850710783e-01
6.608840444544052950e-01
5.191229349489460132e-01
9.002326123160374616e-01
8.717679038255209401e-01
9.935996630492079928e-01
9.416802019681260738e-01
8.758251312360727514e-01
9.782965345716694294e-01
1.068207661633242989e+00
8.533744049002269794e-01
9.453613097142308241e-01
9.478361585047976323e-01
9.145931361391472780e-01
7.752333946084645211e-01
8.749555635047353563e-01
6.034783437855776311e-01
5.565159619956856485e-01
5.148289998725958938e-01
5.413078012652224880e-01
3.479846139944895445e-01
5.638374785047038928e-01
5.509738193692149677e-01
5.579957478703881923e-01
4.114155059540262060e-01
2.734283073851683787e-01
2.660128949993866287e-01
7.707854580671277822e-02
2.481494687079070505e-01
2.880359728286049359e-01
2.165013253136778837e-01
6.258655194244239217e-02
-4.180655161284992094e-02
8.196752146407132456e-02
3.157127753286759209e-02
-8.538067300820215144e-02
1.074677993108094365e-01
-4.803568719876802340e-02
1.652114195890332926e-01
3.005071186215657053e-01
9.687994780937439487e-02
3.300051045798866878e-01
3.006037544671759099e-01
4.064468425619160996e-01
3.172847278030434537e-01
5.510588303775145746e-01
6.130439339682881572e-01
6.394381231826061773e-01
5.587795661257126678e-01
6.693187721994257044e-01
6.840883788016431932e-01
6.916708169284833119e-01
7.218932677074529902e-01
8.387594705719135790e-01
6.671691360325344711e-01
8.762213853538413089e-01
9.296242311277985726e-01
8.170573755768116841e-01
8.905769885959836651e-01
7.842368036226073924e-01
9.156390829398369791e-01
1.090544458099588887e+00
1.052166163934675547e+00
7.306981321195871182e-01
7.755949237324862855e-01
8.161264171682974800e-01
7.611055665899452150e-01
6.146677409828965599e-01
5.449800742092464345e-01
4.730042616743076467e-01
4.422302559517675147e-01
6.846600033163450227e-01
3.691540449592323192e-01
3.549472554543484093e-01
4.107761145389279278e-01
5.392849338035681228e-01
3.150725367614616301e-01
2.750026175648347948e-01
9.337623563216176925e-02
1.484521040866122743e-01
1.623727155616251361e-01
1.369802357931108328e-01
5.567262312901459509e-02
-3.935742631667325103e-02
-1.705989563999303904e-01
-7.528880492407671876e-02
-9.472369291480528530e-02
3.602445427041265358e-01
2.599401498671400357e-01
2.118531587763116120e-01
1.821900803549416636e-01
5.435009267246558862e-01
1.349609540960435838e-01
3.936297439902558537e-01
3.386754269666007455e-01
5.091852175219857557e-01
4.901126199430024810e-01
4.832064482311040909e-01
5.075796132540579819e-01
5.370007001346196462e-01
7.123558719099777337e-01
8.286027934443698229e-01
6.462658774949957552e-01
8.456070567507923963e-01
7.766665216325704391e-01
9.795223059450191005e-01
7.935940270907454464e-01
9.501841571129493458e-01
9.029585720229389434e-01
1.032130120308373922e+00
8.687068088324856330e-01
9.324358019348975013e-01
8.806513725576712304e-01
6.962424670220217493e-01
9.184006425444801724e-01
8.003670810201738428e-01
7.498235277709084379e-01
7.428330469868780206e-01
6.803734844635146439e-01
6.439703876255140624e-01
5.753166322836293922e-01
4.245634563177900778e-01
4.936245530147397864e-01
5.228889995565066950e-01
5.781067159483795903e-01
3.505879552911093100e-01
4.017518531311944918e-01
3.407597540188513352e-01
5.440249194043730863e-02
2.009491855794144077e-01
-3.593682084305263591e-02
1.773434810637906922e-01
1.861773345872285157e-01
-6.199654813056356545e-02
-2.335100124690684190e-02
1.625708629479202250e-01
1.463055143378014511e-01
3.402394281320475500e-01
1.766254797269494747e-01
2.372764657269431920e-01
2.455958130335849643e-01
3.179987784971223252e-01
2.416377947305023421e-01
3.841025453778785237e-01
2.573102975811099036e-01
4.502761010031161582e-01
4.138737090902140925e-01
5.733666095691367648e-01
5.610649878815940905e-01
6.174799327561302231e-01
6.621406501361162267e-01
6.480698325215799027e-01
7.397628091041518195e-01
8.010744512025906872e-01
7.655523519181512970e-01
9.290567938350972055e-01
8.485700490395785556e-01
1.181320758322835340e+00
8.913221228816923247e-01
1.262896494028368677e+00
1.059170441813087837e+00
8.276316496588153049e-01
7.789444754089757117e-01
8.746612078441141636e-01
7.387800088474577587e-01
8.425545497824045160e-01
6.966273658506682009e-01
5.999707421425353182e-01
6.709134121494187974e-01
5.983561571029467618e-01
6.112846807922812653e-01
6.566008998308231481e-01
5.299009595206327639e-01
4.270870719815492711e-01
3.499112651669319396e-01
2.909337086737598943e-01
4.123610214214826764e-01
1.620444777613468945e-01
3.422347703080282910e-01
1.345514502935483969e-01
1.814060520345469607e-01
2.658171961115789461e-01
2.462376958319395515e-01
2.569486547740069127e-01
4.034595097695001242e-02
1.542405846454081852e-01
1.449382332268080165e-01
1.396632303743527981e-01
1.361430773096821423e-01
2.664785326534450105e-01
1.314070462222945435e-01
4.530098901154355762e-01
4.148346991047323074e-01
4.117147499730705040e-01
4.860046865754188428e-01
4.790147090022521814e-01
4.953510505582982559e-01
7.542081846103857456e-01
7.773296909574124447e-01
3.480139419560104863e-01
5.893355786581486733e-01
8.258277359092371928e-01
8.554828828346580094e-01
6.323843713018297841e-01
7.877902097060200948e-01
7.710571100707717118e-01
1.028361329522732293e+00
9.837668491984646879e-01
1.086526749073237763e+00
1.027556504800546389e+00
1.010863531731734488e+00
9.820056018430858291e-01
8.212209456123323870e-01
9.483897499460416380e-01
6.687962736050564461e-01
8.127522022744911867e-01
7.185709211690936016e-01
6.666608845799518734e-01
7.173756603735055304e-01
7.081798512527577305e-01
5.419013683148108385e-01
5.862209045439041866e-01
4.740691824709255542e-01
5.201008933479719376e-01
4.681509061487729717e-01
3.325686503647895531e-01
2.317981315307818257e-01
2.401123571961401026e-01
3.546934956551717755e-01
2.162836736875774490e-01
1.118082703170287240e-01
9.752789891220618734e-02
1.301938998363288136e-01
1.486016446541081060e-01
-8.298218517643829450e-02
6.284423295825662670e-02
3.985391266642709374e-01
1.367458484795791296e-01
2.052262213388250378e-01
1.430013994297987534e-01
2.677156064718766437e-01
2.339401259516041276e-01
2.605527680743446872e-01
4.407858038380718657e-01
5.426795534226009909e-01
5.875973873881739085e-01
5.535952899717436759e-01
4.110910328950850845e-01
4.461452430427843008e-01
6.019575094477250810e-01
7.872759142369994967e-01
7.820916126554643411e-01
7.518365903770792835e-01
8.621801575919427751e-01
7.559720942094261265e-01
9.374506904058124146e-01
1.048250250010977380e+00
9.574355655988032732e-01
9.895946004906717164e-01
8.991653391947503904e-01
1.015616906147952747e+00
9.487645526949244346e-01
9.030655816407543446e-01
9.033799581374799548e-01
1.003584677756792498e+00
8.005761131435331635e-01
7.441511310727917383e-01
7.988852106274592080e-01
5.908902493806346135e-01
5.526072300120451475e-01
6.695660581607775219e-01
4.080358730280298496e-01
3.678907890809959280e-01
4.037106467117982933e-01
4.063948919347648570e-01
4.650758423517651896e-01
4.205726146562376311e-01
2.410363526993184458e-01
1.918150429288836556e-01
2.488002010723741331e-01
3.577258882619938629e-01
1.376796205185693844e-01
7.345115126662983551e-02
1.839821939577543364e-01
6.735945070321269768e-02
-4.935367434608710357e-02
1.284967689346235009e-02
1.627899270534189646e-01
4.251394936030689076e-02
1.116284444631207018e-01
4.022420052258405265e-01
2.688405645329806637e-01
2.852681349859794713e-01
3.566241275784601816e-01
4.008047801734518356e-01
4.720831818240300293e-01
7.032108550702320660e-01
4.299464967335028254e-01
4.118748427409137935e-01
4.428201445867656627e-01
5.490391624417270133e-01
6.479697419913654777e-01
7.598100786267170115e-01
9.234925713363826283e-01
6.606102500617085926e-01
1.008023285686606263e+00
8.560655381882720238e-01
7.977979940866648523e-01
1.060574721818549060e+00
1.110999266154296672e+00
8.169002480847453729e-01
9.305999750917267610e-01
7.467330397625130400e-01
7.370807028336512357e-01
8.556953740401058717e-01
8.544654717351931605e-01
8.918845884074436681e-01
7.024151019966476950e-01
6.985497552693500367e-01
7.182685531922837763e-01
6.027230428164798148e-01
6.288988811870029894e-01
3.615609443249196420e-01
4.626752717502560230e-01
4.421640362967759752e-01
2.147547310985972735e-01
4.012317238649749651e-01
4.771654413455848065e-01
2.855493641448849651e-01
3.585419025486198397e-01
1.365014230178978050e-01
1.334450187727934667e-01
5.542909156578242763e-02
-2.002622306267207164e-02
1.422389432483216753e-01
2.129952674532469697e-02
6.551947586082237929e-02
1.385071505368524747e-01
-1.914204526977381082e-02
2.750417611122364936e-01
2.941497075365007152e-01
1.865657239784419830e-01
2.259049910231454850e-01
3.757927248706122159e-01
5.245558464478680127e-01
3.815678830048280235e-01
5.362794629654614731e-01
5.029114933344547289e-01
5.341271120677187900e-01
5.830806735593443424e-01
6.589578463219523119e-01
6.842412811926507077e-01
7.066525264472450774e-01
7.460845211007172129e-01
7.417455777591637212e-01
9.146405719821832925e-01
6.419040350649534155e-01
9.596281219503064452e-01
8.272881621242316186e-01
9.354011129041569506e-01
9.474558865940779784e-01
8.943341089367636831e-01
8.634373234622977344e-01
6.827921550186980548e-01
6.780364848151958501e-01
9.227131392704411850e-01
7.128413394393005031e-01
7.225375896714169022e-01
4.927877499251843707e-01
7.169582894415711394e-01
4.801509204412934828e-01
4.888672319159185764e-01
6.130952373111425713e-01
5.341585658744006926e-01
6.154687006541627037e-01
2.488622541839898838e-01
3.268563508728002387e-01
5.021218235014679454e-02
2.542447958212185055e-01
1.437919276423851034e-01
7.360022388497294843e-02
1.361071171053161999e-01
2.467516389338776928e-01
-6.861812401770406300e-02
