7.380765174443287835e-02
-3.348450056210189874e-01
-4.592819169114479294e-01
1.268781686191769453e-01
2.462642280035504116e-02
-2.558768427188937711e-01
-1.466411689672633134e-01
2.512502922326914634e-01
5.361877387029145847e-01
1.038418158629017540e-01
-3.819178286326868621e-01
-3.201581478358472843e-03
2.560599911289945796e-02
-3.769754507782778763e-01
-3.918177902021666159e-01
-2.621678438657880639e-01
-5.368558242243799405e-01
-6.452452004608075775e-01
-4.121607587097822489e-01
-2.537423974926796832e-01
-5.239711938710654993e-01
-1.734443229234237105e-01
-1.031762094579857125e+00
-7.729770942045302018e-01
-5.610470623492456177e-01
-3.812443339914676210e-01
-5.663114714859734944e-01
-9.947624051307747406e-01
-9.760517655170425355e-01
-9.348592257673600248e-01
-2.608502429965969260e-01
-2.873178058332220286e-01
-9.358717019421489702e-01
-5.587237961818734000e-01
-7.231311240294898690e-01
-6.834895895704712343e-01
-1.549756842845087856e+00
-3.040463698611156063e-01
-7.731937025647651618e-01
-5.628623893739518325e-01
-2.035916048807355772e-01
-9.910436134949036635e-01
-9.002156785255073235e-01
-6.132896624283491471e-01
-3.267388274687651473e-01
-1.183677618610564641e+00
-8.197196002575428686e-01
-1.328171035299893665e+00
-1.291828898955638349e+00
-5.878764425544691363e-01
-1.631831882267027023e+00
-8.698955312250136185e-01
-1.169976200100196317e+00
-6.759024294711544201e-01
-7.027201610118584130e-01
-1.306000606368181050e+00
-8.971988835926687500e-01
-1.863697074752144189e-01
-3.822932571164352478e-01
-1.079640104325787497e+00
-9.556227463783062426e-01
-8.782541135474667415e-01
-1.090015152412300958e+00
-6.824112011015843748e-01
-6.782317878446353365e-01
-7.239706795397243821e-01
-5.741434911867696611e-01
-5.056720910088166043e-01
-1.031751393003188744e+00
-1.147313954833101945e+00
-7.678600544970337616e-01
-7.983157256068579288e-01
-8.650130310535006917e-01
-8.553020370157624619e-01
-8.641406034530455527e-01
-5.481278105539805212e-01
-6.837580646594965117e-01
-1.463033182141628696e-01
1.132723942605710632e-01
-3.640990082093919500e-01
-4.090992569729494099e-01
-5.372647815734847843e-01
-3.591214572943328687e-01
1.500117746522193207e-01
-4.119604669900989724e-01
-1.473054842153753985e-01
-3.342767226732962782e-01
5.980686362011972124e-02
-1.059219772845863661e+00
-6.158711919498824905e-01
-3.819631098296868976e-02
2.393063478344468753e-01
-4.085505215930560485e-01
2.818646443383321376e-02
-6.559344595177321047e-01
-3.162692886302784778e-01
-2.386769215508405262e-01
-1.395037778952011309e-01
1.689756606870662647e-01
5.261542329517994443e-02
5.695435694010692051e-02
7.551903801625922119e-01
3.210188485112971390e-01
-5.047877218754467377e-01
-5.431119629659454384e-01
-5.125040745577575940e-01
-5.953064380792104648e-01
-6.426426672381120586e-02
-7.421131714181230521e-01
-4.839555157646435735e-01
-1.034017390347154786e+00
-2.308921831006015557e-01
-3.660123407003350593e-01
-3.603897318122626370e-01
-3.983146764080319757e-02
-5.092968537516028293e-01
-5.312594098784351182e-01
-2.903964979294949567e-01
-1.854900510656620205e-01
-1.284056208416009870e+00
-5.705986588897837830e-01
-2.216584246093291632e-01
-4.711647934841510788e-01
-2.410150398669270999e-01
-5.253198053021432834e-01
-9.267902497719626709e-01
-9.845103844886480271e-01
-2.698171525363022849e-01
-6.379338915722227998e-01
-4.259571597907747531e-01
-8.437763893484508948e-01
-9.230422162296512134e-01
-9.270121203794339237e-01
-8.619427505833640035e-01
-5.562176747583984504e-01
-5.956331013196256574e-01
-4.446431425748571531e-01
-3.140529665197825393e-01
-7.268650481728227142e-01
-7.890966715660745479e-01
-7.756913532495053332e-01
-9.462710422690080447e-01
-6.234076821118765821e-01
-9.087074689979037778e-01
-1.068319469384751752e+00
-5.424946522212844569e-01
-1.132992025440214601e+00
-9.415375339149573142e-01
-6.356001996595873615e-01
-6.948019219438341665e-01
-9.802695158354644001e-01
-1.136106883150643565e+00
-1.526939915457520058e+00
-7.904495013113524982e-01
-8.511834651717956612e-01
-8.523681802911434735e-01
-8.772570980690809206e-01
-1.066563693337209573e+00
-1.032404005975408712e+00
-1.056853316282780231e+00
-8.082815931466791337e-01
-6.942278391690426265e-01
-5.714570303491707248e-01
-3.555871607121505185e-01
-1.091602249302992433e+00
-9.326827971558379060e-01
-4.537517830676627284e-01
-9.734455491449420794e-01
-5.910375066164834656e-01
-5.814981587038067223e-01
-4.040182909785131615e-01
-7.942123094750754841e-01
5.935351736316962779e-02
-5.010500230693655244e-01
-2.833600237896766738e-01
-7.614139045594097155e-01
1.636504167845157509e-01
-2.045958417094009274e-01
-6.857878758542641506e-01
-6.113780487365094718e-02
-7.033803575014403453e-01
-2.211325791595461221e-01
-4.154774020501936227e-01
-1.694409815617969883e-04
-2.460089985547963543e-01
-1.671601649378702537e-01
-9.606185927256086221e-02
3.439947523726613055e-01
-1.408229572019581988e-01
9.885296957760339454e-02
-3.925803564605772067e-01
-1.688175687843585238e-01
-1.958418206609473244e-01
-5.453582655951406954e-02
-8.241631088696388385e-02
-2.617947459021097711e-01
-2.117763094890465214e-01
-2.982050070649365156e-02
-1.790516914816756289e-01
3.702139994607201445e-01
-1.752500511056199195e-01
2.156887419627152164e-02
-8.845794919156643732e-04
2.718689518285857809e-01
-3.523790560927095861e-01
1.062076098752932352e-01
-4.074963381866865686e-01
-7.976863396791704641e-01
2.629493296567400051e-01
-6.641767351505371009e-01
-2.316481716323065265e-01
-5.510502969961263986e-01
-6.809547723655315909e-01
-5.068216309706978784e-01
-3.477563974514028544e-01
-5.118105544033373366e-01
-1.815296691250301298e-01
-6.248572944214563218e-01
-6.597255287442308491e-01
-4.740633642129965519e-01
-2.594548107181445795e-01
-3.454952737218427439e-01
-2.470774802100229595e-01
-7.793479109031550278e-01
-4.198943856692323728e-01
-6.966670022037685372e-02
-7.163205458108313772e-01
-3.477790733519944277e-01
-2.887144486864128834e-01
-3.260677267186601336e-01
1.559278021240724232e-01
-4.191595813053898834e-01
-4.141832438377553993e-01
-4.855344287232813416e-01
-7.009880558851894206e-01
-5.101863918167603984e-01
-5.609088986305118540e-01
-5.547594651373959351e-01
-1.307257345289789541e+00
-9.881281458922607230e-01
-4.014097519590696939e-01
-8.825659417432768494e-01
-8.207662120151115737e-01
-4.519503265957759974e-01
-1.069011466190535220e+00
-3.860287100741003341e-01
-1.748814219662780056e+00
-1.018659268629584780e+00
-1.509919898710862629e+00
-1.275771996636673844e+00
-1.200428395279282245e+00
-1.163888581242668474e+00
-8.910061278947637442e-01
-1.076697829778155535e+00
-1.054012742739478536e+00
-5.786496234670146510e-01
-5.287404281059233657e-01
-1.329931859176153974e+00
-3.703892667401810779e-01
-5.909572591888445636e-01
-6.009412596273907559e-01
-8.440116542652544851e-01
-1.101685337097511486e+00
-8.754492394938364619e-01
-5.685242287558684993e-01
-4.761843517036304929e-01
-8.523981229096625478e-01
-9.911196927362664333e-01
-8.286202768700491328e-01
-7.127680747111835302e-01
-1.021340637018979258e+00
-6.659705352573768167e-01
-3.803538113571269808e-01
1.204912241889962710e-01
-4.589400901389892318e-01
-5.180064233487740033e-01
-2.423898831297725265e-01
-3.366926271367892687e-01
-3.328321081645329582e-01
-1.075933985152182082e-01
-4.981220113148449591e-01
-4.245915115188786393e-01
-1.802896900480440712e-01
-4.834201895169430996e-01
-4.217218206419395821e-01
-5.597974521680304516e-01
-9.225942336910594732e-02
-2.465697988142893371e-01
3.570642937935993855e-01
-8.479389112211362933e-01
-5.864417208264343095e-01
5.816521682015723949e-02
9.578944155495436319e-02
-6.015095900163038856e-01
-2.201740962396039891e-02
-3.136588166984841108e-01
-1.173812809144105795e-01
9.757347902451377064e-03
-2.205571700725096340e-01
1.226023179994107232e-01
-1.368883919861408338e-01
-4.217939988283244679e-01
3.622911674324048592e-01
2.486755173281735010e-01
5.057271905563420766e-02
-2.112254840564140035e-03
-4.678419852850849159e-01
-7.336270957385171432e-02
-2.281407141344078127e-01
-2.559966109317426408e-01
-3.111201620402634926e-01
-2.713810363629597378e-01
-3.474754436567653593e-01
-2.425746151270410378e-01
4.451113504219833539e-02
-6.125649531807467740e-01
-5.136052268715531888e-01
-3.822369635661126974e-02
-2.495466718137518969e-01
-3.412609696586659247e-01
-6.849973000619964392e-01
-3.584124209534041428e-01
-5.605800438508892203e-01
-4.037190301479582910e-01
-7.565007686898330697e-01
-2.465356882654223813e-01
-2.320371105432489922e-01
-4.865402529699480727e-01
-6.834507619180902882e-01
-9.063702885425208855e-01
-2.019144510149594729e-01
-1.325509970672686944e+00
-9.802539617394019356e-01
-4.984441897976004121e-01
-1.785886398998636215e-01
-5.464667170495667303e-01
-4.240089162268090850e-01
-5.167847345780189894e-01
-1.320820313184210448e+00
-1.867827534177192828e+00
-8.407277204838677909e-01
-7.659216525749438231e-01
-8.986015108892692060e-01
-7.287590592353312413e-01
-1.017362493654075051e+00
-4.288046548849812067e-01
-9.749273998656844409e-01
-8.545890109776825838e-01
-1.087104293744956429e+00
-1.652406305970845146e+00
-1.179623443930904125e+00
-1.189857491236553155e+00
-9.603106296093041339e-01
-1.116685183698541195e+00
-6.813654947089882175e-01
-8.482416611711186549e-01
-7.473260286108840411e-01
-7.668785654143023267e-01
-1.121169050882571350e+00
-6.839228438005573452e-01
-8.535646431616523699e-01
-6.901256482135811332e-01
-6.585440039037153692e-01
-4.862899100674704100e-01
-2.144026980366019464e-01
-6.751110870037243528e-01
-4.437405082533820155e-01
-8.530856689266044235e-01
-9.146796563975123640e-01
-4.010083650167571845e-01
-4.044283742809727800e-01
-6.126882599013453445e-01
6.826265050903757015e-02
-7.599980881689755163e-01
-3.966416168936612308e-01
-7.051552712317049609e-01
-6.773026302529850939e-01
-1.177445212956683918e+00
1.607932226242415052e-01
-4.893434409897101656e-01
-1.058377224031912700e+00
-4.845793501617423615e-02
-4.322422755243382486e-01
-3.662877777382120836e-01
-4.803430435894112671e-01
2.659871162559274693e-01
-2.355824960586521966e-01
-2.957391972159159610e-01
-6.475383872860199230e-02
-4.180324840707813627e-02
-5.630388531397982899e-01
-2.140087855557780139e-01
9.980959857789414857e-02
1.185039759379044044e-01
-1.264447162628322685e-01
-4.700241795209532114e-01
4.961551360065254435e-01
4.616765240688164296e-02
1.095115460815994368e-01
3.333226765763314670e-01
-6.143639082895396841e-02
-1.553831327834553078e-01
-2.093504586263738032e-01
2.636739504306483406e-01
-9.315489818415600975e-01
1.874182474102493168e-01
1.738605710608107091e-01
5.668534051794082984e-02
-1.743102306953754621e-01
-6.533004945242710804e-01
-6.538756095794945322e-01
-3.839751787888373569e-01
-6.083169603062295039e-01
2.269993872513863531e-01
-6.270206570087896170e-01
-5.300715903425040620e-01
-4.145443619902036692e-01
-4.182967295232975502e-01
-7.761135748965030112e-01
-2.252089071388287678e-01
-2.445621004961668066e-01
-5.551356472473554238e-01
-7.460913140262690479e-01
-1.190162331276214847e+00
-5.229277437385242422e-01
-7.800357898341970797e-01
-3.031010916343725436e-01
-5.823490954102561457e-01
-8.490635020880876738e-01
-7.072266433276952480e-01
-7.745774315377801367e-01
-5.131378402028150543e-01
2.917320923685484679e-02
-5.015274597859489258e-01
-5.052573391416471660e-01
-7.454025661705676598e-02
-7.605966548678699812e-01
-9.939598518201819832e-01
-5.822713560526728838e-01
-1.925077797048490025e-01
-6.408271093478857816e-01
-9.701868685011003635e-01
-8.258359216387545221e-01
-1.274952633580005212e+00
-5.577141080304979237e-01
-3.501846067805356455e-01
-8.648753988486386213e-01
-1.204919862860080793e+00
-1.228817577817342688e+00
-1.022221370141286556e+00
-7.868499884671827926e-01
-7.420440589464087910e-01
-1.046325247620071952e+00
-9.897868684255997085e-01
-9.385517187392413696e-01
-1.140566047680323436e+00
-1.445918328745877890e+00
-1.089269853258452825e+00
-1.532560600780685345e+00
-7.869275170172902456e-01
-8.855080396253857122e-01
-4.065972678506672433e-01
-5.996788248220809026e-01
-3.108243826333847992e-01
-1.381533019957014385e+00
-8.136159969092443545e-01
-6.144007734789979081e-01
-6.860904945127209720e-01
-5.528335659504427513e-01
-1.341054246840974740e-01
-2.370374004934951429e-01
-2.158240944569339015e-01
-8.472539803873313513e-01
-7.656839906597932011e-01
-1.205282893600527760e-01
-3.418660268913409350e-03
-5.464459736411975133e-01
-7.314198888885150573e-01
-6.639943699479475825e-01
-1.596789492977584990e-02
-9.776425960525381154e-01
-5.152237614826269407e-01
-2.776042012319479557e-01
-4.304885608960896670e-01
9.367209361124362310e-02
-5.706941813704814459e-01
-2.471641907496808510e-01
-5.670812375228209135e-01
9.238559804664842057e-02
-6.566775390611457874e-01
-4.584378943845206500e-01
-4.001773794038374632e-01
-2.429669941273663036e-01
1.846165479842149515e-01
9.885500574592798184e-02
-1.158059563732172920e-01
-2.098045821127362265e-01
-6.111584139625985124e-01
-4.473708510153324297e-02
-2.561184444989398346e-01
1.947940449996025114e-01
-3.647841874159661324e-01
-2.399239695984537180e-01
-2.708502882713408333e-01
-2.959615946428690858e-01
-7.976824960838152512e-02
1.302793022572074078e-02
3.348700706180705033e-01
3.249099677887841708e-01
-1.910272016617714508e-01
-4.565348254449762555e-01
-1.958961549941444225e-01
1.679217706370799146e-01
-7.682803221998790733e-01
-3.240958036336937798e-01
-4.160200255047643014e-01
-8.528026743101779772e-02
-8.038531878663794927e-01
6.906177654019884926e-02
-8.205063075727220268e-02
-3.821608994873703646e-01
4.224766452066269773e-02
-5.761402812632320236e-01
-8.569012666924955557e-01
-4.793714140660426115e-01
3.610053742490315631e-02
-1.024954777028567632e+00
-6.514994817319504916e-01
-7.585092488625960749e-01
-2.228455595482219942e-01
-1.874454117534463116e-01
-4.341459164538107873e-01
-4.409881839286574623e-01
-3.330336313252876823e-01
-4.973946914710198897e-01
-8.915417903863280813e-01
-9.011436232140860314e-01
-8.516915453305584638e-01
-5.137145981985697940e-01
-4.523291200783215449e-01
-1.232862651351440686e-01
-1.080170153130167066e+00
-3.840578334426462681e-01
-6.698727187962504326e-01
-8.490635332464587792e-01
-1.243054421090899586e+00
-1.010159091255804942e+00
-1.099736524498309276e+00
-1.502557652082994188e+00
-1.530482108839690714e+00
-1.457817747591051427e+00
-8.887709212490796373e-01
-1.498077525443361591e+00
-7.120695581454685730e-01
-1.005837472658436038e+00
-1.029888120381843075e+00
-5.766198794884715983e-01
-1.117790179903492165e+00
-9.424113307367705250e-01
-6.098979821717978034e-01
-3.594327290576506129e-01
-6.285869000549734187e-01
-9.078826446243875026e-01
-1.692628902698572801e+00
-1.148695156568977582e+00
-7.660206240594893412e-01
-4.772989619071912326e-01
-6.787245135629100812e-01
-4.166464876183916810e-01
-3.484298297853733462e-01
-9.356946116183687545e-01
-1.907789633618025005e-01
-3.594588488160028739e-01
1.118572658959823274e-01
-4.794666670608304093e-01
-4.613868389587025831e-01
-4.650698678907211892e-01
-1.548990002499232022e-01
-4.334624436847668849e-01
-4.413801601248844575e-01
-5.641533644299977501e-01
-5.765009032938840372e-01
-1.384677766764871865e-01
-8.698941591815463337e-01
-5.273337376634159579e-01
3.169351130720447496e-01
-1.112084006340436082e-01
-2.350752163974090814e-01
-3.102485179854999608e-02
-2.009549428735835086e-02
2.837617829165733907e-02
2.103804420149225085e-01
2.118380339493662612e-01
3.003000983528131829e-01
1.997173485689310302e-02
1.159047083274298562e-01
5.743741271562964601e-02
-4.585425269696989381e-01
5.950596843170419259e-01
1.186926019609844812e-01
1.271287372987290054e-01
-7.601508103096463742e-01
-1.867779740633667418e-01
-3.436867546066538215e-01
2.470241746590884635e-01
1.530349443579517854e-01
-4.376853054279217226e-01
-3.356655093966667835e-01
-5.954483624035864509e-01
3.083278411534868257e-01
-4.824294557977523157e-01
-4.591425790759440240e-03
2.949621706917442410e-01
-5.145458399784097470e-01
-2.153486672991071771e-01
-5.808269933980055866e-01
-4.577987833798470851e-01
-6.031083245170187901e-02
-9.716532662879144855e-01
-7.829941904360426808e-03
-1.051326674290447238e+00
-1.979464325692181226e-01
-2.692550759690576223e-02
-6.373146214931862952e-01
-7.357156006692073813e-01
-2.182779207744445782e-01
-5.492244535121043603e-01
-7.482406966128132275e-01
-4.492309460353725581e-01
-3.833269786080301111e-01
-3.515393318082387086e-01
-3.732239954024793582e-01
-5.722401865800837983e-01
-7.957100487102253261e-01
-9.926966288998986254e-01
-5.547218135593687816e-01
-3.738110157696364899e-01
-9.181444991190582661e-01
-1.228178498989746181e+00
-1.007980844195597525e+00
-9.322002023153754813e-01
-6.764610757772722138e-01
-1.440127180338529600e-01
-6.156333190700569169e-01
-1.152885758859899523e+00
-1.746170710995992303e-01
-9.073331004837482672e-01
-9.722128690220654956e-01
-1.167486803689828934e+00
-1.706612004849545450e+00
-1.484290179015143485e+00
-1.599261744395589879e+00
-1.138866301379658719e+00
-9.406864183637023702e-01
-8.049479425821042256e-01
-1.033338357442765698e+00
-2.289326300357296118e-01
-5.876666608629104172e-01
-8.387824792868380230e-01
-1.219149670521811002e+00
-6.703492061070509545e-01
-9.787129379192547329e-01
-5.300350653372779552e-01
-9.542094925728095145e-01
-7.415786559184303073e-01
-6.054941853529084428e-01
-1.282092118977825379e+00
-5.325906349169695631e-01
-6.651322115602547047e-01
-3.825036338511369483e-01
-1.363016217428581811e+00
-6.328553089666186793e-01
-1.085949302922528115e-01
-2.647198355223620569e-01
-4.112754382300817246e-01
-4.889620811574895698e-01
-3.201042397649583315e-01
-1.094001799784840023e-01
-8.001064348084181432e-01
-5.625994010993539129e-01
-1.336412403808438509e-01
-3.772492851368423050e-01
-1.601941887380972929e-01
-4.626251770939139862e-01
-4.615701365089476260e-01
-9.216267687218595572e-01
-1.167403160971724196e-01
-4.291603227420448530e-01
-3.620771280990103813e-01
-4.233662828410716950e-01
2.115303021545700268e-01
4.460750907551162547e-01
1.256311556841027688e-02
1.231408143453580073e-02
-4.032068768435613237e-01
-4.612576502662317779e-01
-4.364363443290688593e-01
-4.460445157936742122e-01
1.038111676768452285e-01
1.795969142098934601e-01
1.230764853036586531e-01
-1.576955807521173980e-01
-4.394541854565301997e-01
-7.670936774828780724e-02
1.439807093324414200e-01
-5.712128999767851489e-01
1.011129624271566718e-01
-4.328494978698124163e-01
-6.354103490790019571e-02
6.661976611697112416e-02
-6.354141236628806366e-01
-9.065052090718909161e-01
-3.752793885368452265e-01
2.605411571200877408e-02
-6.609232052005376001e-02
-6.996639441143548410e-02
3.788859105082528766e-01
-6.165066867242507964e-01
-4.645984977348722733e-01
4.140329919965528571e-01
7.351911562380930576e-02
-2.827818773186236978e-01
-3.960159880605388927e-01
-2.902439224350768510e-01
-6.894044856143727307e-02
3.624612429474871611e-02
-4.346869847299039691e-01
-5.492466099381771993e-01
-6.830074480617768229e-01
-2.508840345060244781e-01
-1.431155133669482993e+00
-4.988593752970940098e-01
-1.037556277236249658e+00
-6.996019757483433743e-01
-9.290319448922631507e-01
-7.602525224465764841e-01
-9.081837369856857745e-01
-6.087712079498390771e-01
-9.609379048542399104e-01
-8.339330541925705775e-01
-1.045026745512484645e+00
-1.288649589287042874e+00
-1.220623326088250638e+00
-1.512836196734330230e+00
-1.104430390851266264e+00
-4.040708676515916142e-01
-1.093334359310539572e+00
-6.773068930211210148e-01
-1.276703495111098707e+00
-9.758827954450769449e-01
-1.158267085044920153e+00
-1.066718634145564781e+00
-1.081988990437135145e+00
-8.187927992406923705e-01
-5.591057060271807932e-01
-6.460494569746959570e-01
-8.220579215883900837e-01
-7.981310032572670465e-01
-6.861610062587245595e-01
-1.411536520212411716e+00
-1.342971197234839931e+00
-1.071117289315740795e+00
-4.399366892179532029e-01
-9.717650575398288915e-01
-5.320564350702541301e-01
-1.095840982825115884e+00
-7.799857370272622603e-02
-8.007892835274332821e-01
-1.044334222248521460e+00
-5.736523275403030420e-01
-5.930537507958069110e-01
2.034334425226558274e-02
-7.707944509972943781e-01
-4.070223561890624620e-01
-7.747237955439187918e-01
-2.814609461320008998e-01
-2.217930036554466300e-01
-3.763260195234539029e-01
-6.881729292813727472e-01
-6.790632044601991879e-01
2.002575308554974676e-01
-3.470487212271968769e-01
-3.427404918156465863e-01
-2.239045003256375233e-01
7.725527297938250548e-02
-1.925488236743260750e-01
-5.410338867842019450e-01
-4.692131103192092034e-01
-2.791628997174264160e-01
-1.188049721784660978e-01
7.821482506230165166e-02
-4.978056657968302767e-01
-5.223193665284588116e-02
8.552784307914800266e-01
-2.061481391730261015e-01
1.323162813612510924e-01
1.310158038512134748e-01
-4.764092942446802592e-01
3.730388821104045349e-01
6.584491838645146755e-01
-2.823023272700564412e-01
-2.923370854851624692e-02
4.966517482142073781e-01
3.056411280292421484e-01
-1.469442754961895470e-01
2.257353310923518319e-02
2.101964452497059876e-02
-4.694733166212419206e-01
-4.292912139356482304e-01
-7.953959217143675708e-01
1.082749035071605415e-01
-5.001625042880928351e-01
-1.246423717400546582e-01
-2.753794245285377529e-01
1.422252813867234122e-01
-4.813431912080681774e-01
-5.011608274370853433e-01
-8.013693421259648897e-01
-3.508336066586382196e-01
-5.697403003461354309e-01
-4.766680157598732759e-01
-4.610305246619926245e-01
-8.022263399580568111e-01
-7.868536330824151825e-01
-2.196811441055481762e-01
-4.462906199558430154e-01
-7.543241028724079200e-02
-6.687771020645644215e-01
-4.251861397702510481e-01
-1.015988889018180963e+00
-1.035042509947863731e+00
-3.060071130016239205e-01
-7.043521639132001022e-01
-9.552166240478185966e-01
-6.886216053695772832e-01
-7.885093173399708721e-01
-1.434557130860276919e+00
-5.953559368279918163e-01
-3.822518065618795702e-01
-1.413954056616809840e+00
-1.186380894660076457e+00
-9.387663280712384983e-01
-7.117966846345730181e-01
-6.950258052731728142e-01
-1.316391617857710417e+00
-1.298122277897947097e+00
-6.425353591479143756e-01
-1.155301729996836446e+00
-1.108130456472062875e+00
-1.720977430437369726e+00
-8.034777174382413678e-01
-9.021470065131036442e-01
-9.157182278707458600e-01
-8.520981090617480991e-01
-1.320199704736531920e+00
-9.036250240667308420e-01
-9.024406893032342891e-01
-9.582049384678593684e-01
-1.300529170642996446e+00
-8.489639244563903508e-01
-7.005815252541053306e-01
-1.189517905757861982e+00
-1.022372157224089584e+00
-1.137374303781121920e+00
-6.446434934771045899e-01
-8.331421045742677389e-01
-3.188955152786334679e-01
-6.558378722637688840e-01
-4.992627355541037759e-01
-2.774859093648900377e-01
-5.457714733146664665e-01
-2.829429297035404023e-01
-9.158235181238429945e-01
-1.033694336457454455e+00
-7.392113357519350947e-01
-4.868587934797997119e-01
-4.204185196039611494e-01
-6.241772238323681776e-01
-8.242352346842654054e-01
-3.216912843492383822e-01
-2.524224098347809253e-01
-5.889592192094128542e-01
-4.551760019452499306e-01
-5.680536344711912822e-01
-3.771185817027960518e-01
-5.822981714284245491e-01
-5.631256761211229644e-01
-5.503124490784997436e-01
-2.199791480503220931e-01
2.790476401635282322e-01
-1.241935732655835567e-02
5.066181716682657821e-02
-5.015093411456804651e-01
-6.526972382166765785e-01
-3.035132808292615447e-01
-2.393429111026358358e-01
2.018771123356676300e-01
3.782619012299536232e-01
-2.767029615446798263e-01
-3.057222655786559495e-01
3.076981222183772791e-01
-3.334889716641868951e-01
-2.155484239775362909e-01
-2.920162011760690235e-01
-5.525761358109663179e-01
-3.020798843875560635e-01
3.844301877114453259e-01
-6.442669483791618745e-01
-4.115016067664192811e-02
-2.629630487711936415e-01
-6.368600678588530739e-01
-6.046602881567909593e-01
-3.220627296033280462e-01
-2.639985871464090028e-01
-2.271506234958192705e-01
-4.638221049038877553e-01
-3.761851892787377860e-01
-3.219460264933731719e-01
-5.796628134103092300e-01
-4.301838634372612269e-03
2.152858892351303122e-01
-2.138370958169202862e-01
-1.257342862310027565e+00
-1.022832149703984506e+00
-7.439453845110437502e-01
1.001467442269147190e-01
-5.454083145893733331e-01
-7.895228066935722211e-02
-5.304784434860347897e-01
-3.953094185452976639e-03
-4.012022203908814366e-01
-1.028596344326811796e+00
-2.262770861258553423e-01
-8.495626158656424121e-01
-1.042394577555312729e+00
-1.183086306645269037e+00
-1.085726550504666932e+00
-9.023253567343332282e-01
-1.725413511919519083e-01
-5.592415295624024729e-01
-2.963875950331870124e-01
-7.712741106986976680e-01
-1.874815649299342857e-01
-1.044712167175566808e+00
-4.573378922122142698e-01
-1.190334061091220530e+00
-1.190514602848953718e+00
-1.398970262833541423e+00
-8.457115250080413649e-01
-1.318275741327406436e+00
-1.136755309676418468e+00
-6.316298445194226119e-01
-4.316789180145415017e-01
-1.073353181684744362e+00
-1.277254542076199595e+00
-1.572972378787937497e+00
-7.889235351085364112e-01
-1.023401765591313906e+00
-8.575149798755552499e-01
-8.863928684039890094e-01
-1.044348955750690866e+00
-2.742582801442700058e-01
-1.272528625950018366e+00
-5.876257155590401959e-01
-4.220480044137242537e-02
-7.506397635422628056e-01
-6.171908155908811811e-02
-5.721465425389344883e-01
-1.165056233603768421e+00
-9.051334819031373602e-01
-8.242638188113011743e-01
-7.391463582839264967e-01
-7.908169291180018323e-01
-5.179015479391331223e-01
-5.106477173485122201e-01
-4.434338257660359606e-01
-5.046708907242176689e-01
-4.278563792876308169e-01
-5.387359378890158590e-01
-4.588183083820966401e-01
-3.597110276028472331e-01
-4.380687524860152893e-01
-8.483713538388917286e-01
-2.814059016654906764e-01
-2.704627139293466209e-01
-4.056324438208334104e-01
1.115868251801354072e-01
-5.030467601849368808e-01
-1.853106347700708423e-01
-3.389978727307687567e-01
-9.758199950138857215e-01
7.870104782447523428e-02
-7.383580164391476686e-01
-1.762300797053771850e-01
2.431524386237505220e-01
-4.418870557701320978e-01
1.281016262901555347e-01
-1.398847964236834551e-01
-7.042732237213161772e-02
1.145815079279304677e-01
5.082127945521888734e-02
1.430361494044430359e-01
2.262963440134458382e-01
4.482762511401061079e-01
5.779658753392901555e-02
3.419299133675369196e-01
2.762151607851389690e-01
-1.367214040672012632e-01
6.991769090466077863e-01
4.880795285842523534e-02
5.604456206251332562e-01
5.204962108330015713e-01
-2.532340000731202467e-01
6.808005027673704745e-01
6.542361049123901484e-01
-1.847733091538175665e-01
1.818052753714830827e-01
2.999058900721764398e-01
3.059317103686773898e-01
4.730856942888733707e-01
7.342361769357679258e-01
6.785235624909052854e-02
5.692164287811308787e-01
6.365954136170555167e-01
1.176045525246522394e-01
4.087612892038698931e-01
4.389130711582333588e-01
5.488786221418324729e-01
8.160549006063246846e-01
5.794996223565638260e-01
-9.687052953008212786e-02
3.577010271375718475e-01
8.346933569188600410e-01
6.152671922718089270e-01
1.104206749191701364e+00
3.996897515274639989e-01
1.155694237063751073e+00
1.684745621103734825e-01
7.409047246033797496e-01
6.494647244471819514e-01
1.083989700432542724e+00
1.167724116243899823e+00
5.164871176347936022e-01
1.360475048226265304e+00
1.618187152233828696e+00
1.241576608828291128e+00
1.788259930325952318e+00
1.100720263147119349e+00
7.326398277613344057e-01
1.004205194396082357e+00
8.841212635146816767e-01
7.760176426478703204e-01
1.054303530829109103e+00
1.034917741438535099e+00
9.540184723297058245e-01
6.052757283877744365e-01
6.100864713935594263e-01
9.109371877275985740e-01
8.817342333266590115e-01
1.118322436419932675e+00
1.397405518596384066e+00
6.286438151994512280e-01
9.231457994489438157e-01
6.376385443477183834e-01
5.374486969563151417e-01
1.210152297816613487e-02
6.748623198009504609e-01
4.521194523076725869e-01
1.190233052593860474e+00
6.165493922243823199e-01
5.454798015666121325e-01
5.772444095879243342e-01
1.164814943590360752e+00
6.970429904685551126e-01
5.424309775226573427e-01
2.404254228950540861e-01
7.148959482701837675e-01
4.206604129233939005e-01
5.148903405856081195e-01
6.027834082413654482e-01
-9.684660468394262756e-02
4.753609925376508505e-01
3.046807036199861152e-02
7.778573503383314769e-01
1.227114506399314964e-01
6.718147932909459552e-01
6.196229146807438748e-02
3.704396860064757546e-01
-1.931735931765867775e-01
2.552679490316761557e-03
1.908174105349665362e-01
-2.665384688447223205e-01
-5.045336487125539060e-01
5.024494033269114590e-01
1.066805813935097491e-01
-3.903682174058419330e-01
-1.947742315486619691e-02
4.287268760232429421e-02
5.305561288373180640e-01
5.149138039021490532e-02
3.246850781264337127e-01
-5.933264540702506279e-02
-1.324364374885452222e-01
2.939553031130394678e-01
1.766420523398345710e-01
-2.137405256478702165e-01
1.570162022843822336e-01
2.569216438115010659e-01
4.082020399970240354e-02
1.944899928233081998e-02
-1.398866546147875811e-01
1.240295692321028709e-01
2.152645674733572878e-01
-1.947350701825737995e-01
5.536445918263344090e-01
6.070688688830092605e-01
1.035277635923854023e+00
1.487020366492192158e-02
1.162099480811459862e-01
2.594121639467272811e-01
6.112566414315935281e-01
1.595029769985151225e-02
1.739546896876035253e-01
5.657473821159193506e-01
-4.408489682990435199e-02
4.552204926071154456e-01
4.549668889722529030e-01
6.952695938814053012e-01
9.162048596011321822e-01
7.184773199998839566e-01
4.216686552363302365e-02
7.759507521691713094e-01
4.579556875873534993e-01
4.432900431211184156e-02
1.281347553749406787e+00
7.412890786323083070e-01
-8.101242558329446730e-03
3.889875374530307739e-01
6.701350427595176296e-01
7.167524696002692819e-01
1.158171158264705625e+00
1.276394935131090591e+00
9.935255619879908018e-01
5.573924973549342354e-01
1.281116315660234539e+00
7.247555389418838256e-01
1.372761624214222875e+00
1.097179572471511433e+00
1.451517118486699953e+00
6.836360921415411962e-01
6.725253373434920690e-01
1.213967202016983382e+00
1.520237236436551731e+00
8.787663835689508707e-01
8.422266692144254607e-01
8.247561435299834987e-01
7.650789698884901124e-01
5.684874961857617759e-01
9.517552572126953825e-01
1.061253132492528506e+00
7.453141609039781734e-01
1.186980971954609609e+00
4.621078368627541955e-01
4.260624533594519758e-01
1.915232450813586507e-01
4.854209098934874622e-01
1.316342333730483372e+00
5.037839487057779175e-01
1.226813528953868859e+00
4.311329297103805303e-01
4.011227151132608082e-01
5.270678762216205460e-01
1.229021072137356008e+00
6.249907005509206526e-01
5.171887714115247503e-01
6.885879536871508666e-02
1.834504956387563168e-01
4.405223426479904503e-01
3.392704862464525628e-01
8.078459587310212742e-01
5.816752966501393951e-01
4.540378948108902413e-01
1.252132279562610528e-01
6.203786774452857422e-01
6.867735077429214519e-01
5.288941911764937220e-01
1.429802654838069065e-01
1.464204814384584274e-02
5.724358306299175414e-01
-1.103888865781995354e-01
-2.115991884007960566e-01
1.517815795075669605e-01
3.637708780120405549e-01
6.793241939940430907e-02
4.805227774388186046e-01
4.272948353376750941e-01
2.339112288046878430e-01
-1.570545112868178272e-02
-3.160830840166818367e-01
-2.456941655985727391e-01
-1.772678976841801368e-01
2.612577299036229483e-01
-1.855930825604607537e-01
-2.565609491237541562e-01
-3.991649279937331540e-01
-3.233324804640577699e-02
2.290519020109176296e-01
6.988537841666162542e-01
3.935962777448946959e-01
-2.293909528383193397e-01
-3.392309771268393614e-01
-1.117399894766303858e-01
-2.038518674188928292e-01
1.671333564661456883e-01
-4.603288941138383716e-02
4.727669212776627328e-01
1.240855472796299763e-01
3.031293983005151627e-01
7.992208693787650198e-01
4.590290226064027701e-01
5.089061499656445386e-01
6.210487311804174793e-01
1.134063369078083472e+00
7.931715426028298488e-01
1.405242887265273577e+00
6.370241583805973384e-01
8.369324873818924093e-01
7.672789485780036056e-01
2.687599229880505147e-01
3.323265967891002592e-01
6.748837014173872939e-01
5.643524978087606225e-01
7.025981663517327780e-01
6.147011179634798150e-02
1.663801658115545701e-01
6.143547115419891735e-01
7.717431414652689003e-01
8.667584034475328547e-01
5.880280946855273028e-01
9.385286629954523452e-01
6.252139570746252373e-01
1.327851454339965764e+00
9.458415623464705435e-01
1.080002801906202237e+00
1.147027874455859076e+00
9.363857636732395573e-01
8.130777401159088313e-01
9.528300382134514690e-01
7.997795519339965242e-01
1.298444067334100227e+00
8.053307381762322414e-01
1.139952374201682828e+00
6.971204955022463068e-01
1.210986885824589132e+00
8.276119305228333278e-01
8.477797063624364915e-01
9.209905458034346459e-01
6.429857409545056690e-01
6.939172652239457006e-01
7.251628439117080438e-01
7.037012152242136942e-01
1.381514396368793030e+00
6.925239316396306632e-01
4.223491355772898692e-01
4.730037623664413715e-01
8.777903409421015102e-01
8.822050500635608694e-01
5.158695364820982121e-01
9.393710591659103493e-01
3.293949488710642970e-01
4.372595985111662475e-01
7.754442850768310525e-01
7.874886142200825390e-01
8.006310869776278594e-02
2.656530681621226408e-01
7.962828794301719526e-01
-3.756365249810122986e-02
1.223786245679241991e-01
7.318890388253557200e-02
3.494752465941851627e-01
3.591087853564554067e-01
3.951787354258081142e-01
8.103983163483435836e-01
1.934875640039666611e-01
3.875163220185600110e-01
3.355674302011196763e-01
6.031140606361007350e-03
5.265768369200543031e-01
3.579924924834778643e-01
1.003550056072501029e+00
-8.122445182364662619e-02
-2.935353163408583876e-01
1.317884516764552816e-01
1.401447738579505997e-01
5.711221837415482450e-02
1.864455627222680323e-01
1.533533807835367191e-01
-3.368772561715378533e-01
-1.914498816040644813e-01
-2.087833513941145525e-01
2.366008989831422105e-01
4.279282739228074811e-02
2.835268178432785030e-02
4.893188572666115066e-01
-1.363431625778314948e-01
-2.038620622866896270e-02
-3.129584076286090477e-01
7.387161493836180703e-01
3.655303492683216748e-01
1.861209558604491887e-01
7.223781274959703014e-01
8.436153350439020704e-01
3.845868674445816482e-01
3.439889963011688589e-02
7.817059683232188139e-01
3.023652426687781780e-01
-9.907188791070553613e-03
3.133397746397084127e-01
5.710544329397545527e-01
2.241356684585929793e-01
4.661660520447047928e-01
4.601455269448995744e-01
8.450824898602193880e-02
4.220619239697647740e-01
2.689172828726182352e-01
2.735199395308235970e-01
5.609880495896386599e-01
3.402511825813182567e-01
1.117621402680766485e+00
6.316373897759024469e-01
7.432506528989578642e-01
4.191623789977909631e-01
7.052951214133890145e-01
6.973673073332200545e-01
9.659512655419062455e-01
6.281904188165293723e-01
3.680960601830789991e-01
3.404004311004581451e-01
9.251035712709660963e-01
8.190516645100229809e-01
1.166424230700735087e+00
1.085905732528099854e+00
6.796363800417937195e-01
8.669228654543076340e-01
8.294238800147765156e-01
8.782727463301291948e-01
7.417998988267130445e-01
1.028623256080793746e+00
1.094735301857746812e+00
1.309021802280934565e+00
1.054751645181977837e+00
1.269954760415584083e+00
5.961334197296559445e-01
6.803485376109154048e-01
1.222036052005898377e+00
4.747156123956128848e-01
1.019038802266789556e+00
1.277161691994524562e+00
3.647898192891936286e-01
8.617325306154108855e-01
5.840681092761855764e-01
1.466783920753015558e+00
1.060571431353424687e+00
6.844462024775309628e-01
7.049311130251969537e-01
6.862560415806249203e-01
2.108359537026559538e-01
7.182035762363200293e-01
5.751328810176380424e-01
5.478542380834993120e-01
6.468045415554629640e-01
6.380391876478239688e-01
2.779408386466414860e-01
8.752082792342519291e-01
2.669620570379765967e-01
9.040927482367603352e-01
5.440261590130964775e-01
9.707015362321589347e-01
2.759150485745540671e-01
1.149699284854847514e+00
-1.440746301352580083e-02
7.259643023267938755e-01
5.925595084185193429e-01
-2.168110637439025212e-01
8.856282316735347715e-02
-2.808307160262940028e-01
7.708398973490263040e-02
7.405489543156821286e-01
2.174218223609127587e-01
-3.258235997014419238e-01
4.303269054246788849e-01
7.042629967734082008e-01
-1.938601992786760098e-01
2.353194387243606744e-02
-4.317486970087762721e-01
-1.793474778749869214e-01
-3.586006657092120631e-01
3.872191266972946910e-01
3.976565748483505969e-01
6.145137344318579720e-01
2.336865626229019943e-01
3.531163582736841500e-01
-5.771812698561840094e-01
-6.757579790051852775e-02
4.039456943218763807e-03
2.497810711925953220e-01
-1.964080337339219606e-01
-2.789352706881743638e-01
2.616279175940625645e-01
2.494017858755900874e-01
8.587968834415901087e-01
4.904509574571111474e-01
-3.360900929325154607e-01
4.709833958676199472e-01
1.558241427721988315e-01
6.773057750324557036e-02
2.626905156463970603e-01
6.066399580829051619e-02
4.202992752369311691e-01
5.371919291818678666e-01
9.879238414469970753e-03
6.148519494077475667e-01
7.505669716004831349e-01
2.788980252903699997e-01
6.483482342021975597e-01
7.220668782418822040e-01
2.453298161165118341e-01
7.874686255113763078e-01
3.475657984874088169e-01
3.621361490921012338e-01
5.384776126793926476e-01
7.178646435187188146e-01
8.315059484738399620e-01
8.804943334282325784e-01
4.951448708174724933e-01
1.027331680751741194e+00
1.021551407561151370e+00
9.811476210361460559e-01
5.079540407104687905e-02
8.246652639720886135e-01
8.329016708435076355e-01
5.704685608120725337e-01
1.540813119319230928e+00
9.073244846411228082e-01
1.357043413341420868e+00
1.651598077673153586e+00
1.174591371797781392e+00
1.024294340155728067e-01
1.401262780554142884e+00
1.195825611057990567e+00
9.672860036433683639e-01
1.388587061727576177e+00
1.201605021613697533e+00
9.095299531404625881e-01
2.043662926941257618e-01
7.976180162236741200e-01
9.280173076896042206e-01
9.793295144984867084e-01
8.631026983340817083e-01
4.068074595804130333e-01
8.019033930362059470e-01
1.326868451248257585e+00
7.349094965830678117e-01
8.810767746208281181e-01
6.589314189167397862e-01
5.156403470134329758e-01
1.068998206496555747e+00
6.912259149632311583e-01
1.083798315720068350e+00
1.097174322022457904e+00
5.416761080768217607e-01
3.567302810727778217e-01
9.546514581274387901e-01
9.303213648936285995e-01
5.735207891765070620e-01
2.039164064676913246e-01
3.756318512933923270e-01
8.176022321752340893e-02
4.299188802272140841e-01
6.118079323441144579e-02
4.564010797738538572e-01
1.018359183588510852e-01
2.716244330183066880e-01
6.045903461539522405e-01
7.555947620077630988e-01
7.053140546678660083e-01
6.154101003413506299e-02
-1.326222354848421991e-01
2.369255542929780134e-01
1.461535607670762515e-01
1.404619987730881259e-01
-2.493200266349321903e-01
-5.030473792258099985e-02
5.757852542279926489e-01
2.450438301389022688e-01
2.523615406943034434e-01
1.861837615013480773e-01
-5.543945721499410340e-03
-4.289547904799237421e-01
5.687317213477613986e-01
2.814166730157161012e-01
6.708797305589576931e-03
2.319172652188646044e-01
3.281364336025532208e-02
4.206747294322790154e-01
3.839512023303388588e-01
-6.080394294800953170e-02
2.193995177804686780e-01
2.426416788922431678e-01
3.000177182725937697e-01
3.292507675218013241e-01
-3.571425701075309211e-02
-2.087984022219967484e-01
-2.921318444372454914e-01
8.079637542429402020e-02
4.654906412484408618e-01
4.197297219295887949e-01
9.055404168802839715e-01
-1.451417424744778639e-01
5.466449115628622124e-01
-3.629923977101974786e-01
8.055625991477056713e-01
4.528600393674139246e-01
7.518854864216225620e-01
1.432377893810157787e-01
-1.491979250537454060e-01
3.652498495838111259e-01
2.893774197022978556e-01
3.457081353118404143e-01
5.746371399569301097e-01
5.412515181173211953e-01
6.263682876990633863e-01
6.773164767427731769e-01
8.126886787127525213e-01
7.915654068553268363e-01
7.680092680231115354e-01
1.060187656164042869e+00
4.503010874535872676e-01
4.999087077505159349e-01
4.943689786410410680e-01
8.268800102472062541e-01
9.687454913541333479e-01
5.574663257264855787e-01
1.457300884230397831e+00
4.886739222578690423e-01
9.969115588807462291e-01
8.269533843605572088e-01
4.212349742600781655e-01
1.395902288655858969e+00
1.246024589148368111e+00
1.196281175415345954e+00
1.025679927360291011e+00
1.081308668722647193e+00
1.366187741465057837e+00
1.113935673635118029e+00
4.043650705619545316e-01
6.963134683809688585e-01
1.016857813188133619e+00
1.286359211772829081e+00
9.938638963473358512e-01
9.043163860243302876e-01
8.212443291278759272e-01
4.402340079986098442e-01
4.231650556946400799e-01
8.357091301336855294e-01
7.986802710634240965e-01
1.020234478106528009e+00
4.978977297721289830e-01
9.848232120051503280e-01
4.328819182021408918e-01
8.120366993012548829e-01
3.996999296804413238e-01
6.231714278039724997e-01
4.862140187244488598e-01
2.029895141189587693e-01
4.568553437991546007e-01
-1.414836067572978751e-01
5.656883218237152011e-01
7.023051944474669739e-01
1.511809737319825264e-01
3.793655991152596885e-01
8.837481189516394053e-01
3.246936121129333497e-01
5.193959569205292004e-01
7.287678124612279040e-02
-7.898049579318705549e-02
3.457186921135085855e-02
-6.234879827164483412e-01
8.957671151637370821e-01
-1.810227018696883017e-01
1.646084861199987037e-01
3.587424728323073131e-01
2.967584635671576820e-01
4.408544905073598641e-01
1.076281127464550291e+00
-5.875327421507764436e-02
1.126929651511513752e-01
-2.143562941336680239e-01
-2.291802295635641251e-01
-4.094004266650837498e-01
-5.265625177813185731e-01
-2.540216790653519463e-01
-6.544393237308430145e-01
2.143515695292343426e-01
4.282431372138674197e-01
3.112455217691910692e-01
-8.978926455195532230e-02
-1.090417207177901693e-02
2.954479807533879065e-01
5.868439530991658160e-01
4.735600708966558603e-01
1.203077952018082319e-01
5.742271561623286669e-01
4.291736823505385434e-01
6.075295387543891423e-02
6.813027194650946861e-01
8.384509779791455841e-01
4.983557987827291758e-01
-1.744603142644047811e-01
3.849341929827066466e-01
6.565863305310226661e-01
3.976094271996935547e-01
6.143440203050708481e-01
2.237910496320844045e-01
6.038060641450379018e-01
8.170119481671525019e-01
3.537527475227228990e-01
2.559447983664878690e-01
1.303266526699332628e-01
5.036301921366845846e-01
5.475003386496151148e-01
7.641374326623610047e-01
7.266445840175171922e-01
6.660650083200899685e-01
9.207356955181295044e-01
7.766209354354489669e-01
8.558678621690634092e-01
1.051882711371413093e+00
7.855475055566647491e-01
3.536457618549659898e-01
6.741815651461129377e-01
7.127972620217106758e-01
6.542293658427804637e-01
1.110425554981078200e+00
1.214806770199350794e+00
9.284405711965765251e-01
6.448400802071859728e-01
9.347172513402295380e-01
5.933645012890740311e-01
1.314654660695899313e+00
1.105937436339914814e+00
1.278191260644931271e+00
6.905164202787801297e-01
8.568926758410376765e-01
1.000431068533684575e+00
6.157291987547295342e-01
9.146910818206800409e-01
7.786726220063853177e-01
1.020166111985905566e+00
6.501401756854989777e-01
8.257356411918509442e-01
9.564865402993323329e-01
3.860786015671135440e-01
8.986861961727270476e-01
6.971589938730685665e-01
8.097303494102761068e-01
4.709099637321926268e-01
5.064048634924163128e-01
2.118193096883333459e-01
6.449805689161510758e-01
5.965645242265130710e-01
9.446203490373349387e-01
4.233078276500326087e-01
6.575390736752674270e-01
8.648952982452947635e-01
2.919687751016055710e-01
8.164143820444642596e-01
-1.496095852022886752e-01
7.588674406895424829e-01
3.408011356382545931e-01
8.005734890006405147e-02
4.329241391259819327e-01
4.083745873417887751e-02
2.432059072634969732e-01
4.341569477908067132e-01
5.723660896633600004e-01
1.930303811861111551e-02
3.484921627426435520e-01
7.407488685397941586e-01
5.375431480958646757e-01
-9.394811880302744722e-02
-5.226257257922681254e-02
-1.428294227738562683e-01
2.131142253079284510e-01
1.863877584327933712e-01
1.913860479690151495e-01
3.880279456212174516e-01
3.422519903720898093e-01
-3.809414549391305083e-01
-5.644507375818570705e-02
1.555671887484735838e-01
7.004236200431347426e-01
1.832585813761823390e-01
6.323149323673999955e-01
1.479901274291289814e-03
7.164021531302595669e-01
-3.095140019543258791e-01
2.171409748793992067e-01
7.293521673671141681e-01
3.532174354468501365e-01
8.603914958495817444e-02
-4.483615547281444291e-01
3.311643609809030719e-01
-1.310501968624510627e-01
6.031600925761274046e-02
-2.091847464322639794e-01
7.331809024551361187e-02
2.338052221392474816e-01
8.470626884391966316e-01
1.040176782333366301e-01
-9.566517906146543293e-03
4.461622501365246629e-01
1.031627573964598144e+00
5.974698074922770719e-01
6.401147278932156626e-01
4.814695791425817606e-01
1.902982876090270614e-01
1.065763668150343513e-01
4.565238010630138787e-01
6.449851421265474505e-01
3.040142950263586274e-01
1.612516252502979031e-01
9.751858092806264811e-02
6.106388366790072020e-01
7.948116010997131609e-01
1.045420762837389939e+00
6.683530043417615918e-01
1.055529659395773923e+00
1.157783069322504410e+00
4.268552020828991211e-01
5.343411039261001250e-01
6.386153138883915448e-01
1.292786501913388619e+00
1.540939964164104836e+00
1.473972389145656425e+00
5.791502612137677808e-01
9.805340734984178130e-01
6.417955372437976758e-01
1.099304320701046889e+00
8.796500565057151499e-01
9.158571988683370524e-01
1.304175816391105247e+00
1.207201916312546919e+00
1.097798705324501523e+00
9.370565068204875780e-01
9.839459860227384169e-01
9.216545271874916345e-01
9.466997493217844672e-01
1.126506781509771793e+00
7.961430715663389002e-01
8.919280116011408799e-01
6.700065796603402735e-01
9.039881844115047471e-01
1.214802548386677117e+00
8.109598834038144188e-01
7.313351084954217152e-01
5.436764617280217537e-01
8.121153622636259062e-01
5.703877543572951625e-01
7.679204389639211481e-01
3.028023155225610941e-01
8.341893901436737702e-01
4.101221010951042745e-01
9.626006685777559468e-01
8.946495991873996134e-01
2.417797751525486150e-01
7.148876553938385836e-01
5.376612258121425958e-01
7.288568856877184476e-01
-2.321589987256789112e-02
9.645655718683948665e-01
1.087339788231146409e-01
5.513503659410343705e-01
5.078925961478236717e-01
2.270662102352986600e-01
4.013711749796742279e-01
-6.734136390626654922e-02
2.283824641968031643e-01
-1.240508537184749627e-01
3.751857888599554602e-01
1.302345141221293856e-01
1.870306904952712956e-01
-2.479804488426997355e-01
1.838272710716538638e-01
1.365105067343635459e-01
6.769202557095169159e-02
-7.665013215579695449e-02
4.638035594783292970e-01
-6.142485420281832559e-02
2.207133478768529000e-01
-1.817911781825585493e-01
-7.490285257727616330e-02
5.859884666037291218e-02
-2.391986928669250778e-01
3.061325599851925094e-01
3.397076156616407605e-01
-2.781805833848882137e-01
7.996401692554333529e-01
3.060975576590797553e-01
-2.457797426792401874e-02
-9.736971969430688323e-02
2.765557355525759542e-01
-7.849171315195851983e-02
-1.988067083866995599e-02
4.246571246212129669e-01
-2.500989188698923837e-01
2.326981930930285269e-01
4.398523167061721417e-01
2.089291517697822453e-01
5.970301274788636370e-01
-2.326300032114946847e-01
3.538050692076969428e-01
4.622876075430271681e-01
-1.784391709067335574e-01
5.128859006523966979e-01
5.811786152881586176e-01
1.924593076877731956e-01
4.378993805634641689e-01
7.121531717260246586e-01
8.276111933839236379e-01
7.117183859697355786e-01
7.329048033708339682e-01
6.827289935325552284e-01
5.910518832061874006e-01
5.056131033211638259e-01
6.597511197143721695e-01
9.732290285839262367e-02
5.521666015935721150e-01
7.215058168767057856e-01
9.893518528318721028e-01
9.132094564205492926e-01
9.541636164394040609e-01
8.263838480173617551e-01
1.010318295787915099e+00
7.186143651214393913e-01
1.173807181556712820e+00
5.871615855672573936e-01
6.352777625983982990e-01
6.917138318307586298e-01
1.150911685249702554e+00
7.115788885577145617e-01
1.329395454958108846e+00
1.048425189765042953e+00
4.262502555674811955e-01
1.200447416670577194e+00
6.859135909453496494e-01
9.627619140632913686e-01
1.046136298605950365e+00
8.325192627008762836e-01
6.800577296725058840e-01
8.631661437525831593e-01
1.093687621495892159e+00
2.418654772826208665e-01
1.352970851677358421e+00
4.537634532533699194e-01
4.474608073408867792e-01
1.389337905880057011e+00
1.010402888640293151e+00
2.444088230447946652e-01
8.840681692449804396e-01
5.222256764033422760e-01
4.326949321151497552e-01
4.539436392154796440e-01
5.761436258867898008e-01
7.243726283126485921e-01
5.766933686668425096e-01
9.029431167664259128e-01
5.312577877174560204e-01
5.444051939240622806e-01
6.659000617309789316e-01
6.027001680593813138e-01
4.694644630748526226e-01
1.673741003143913719e-02
5.620676169921953180e-01
-8.920582261081833053e-02
1.654459782815953794e-01
3.813774534358975732e-01
1.528810615053194377e-02
-2.202429710215335623e-01
2.849745927059327277e-01
1.716679524534213963e-01
1.487625926858809899e-02
-3.406602220474875820e-01
1.945937584699303502e-01
1.430751032626258468e-01
-5.519883856449731008e-01
-3.029610937988783115e-01
5.645516999836328598e-01
1.282467222432281395e-01
-3.617817113912363824e-02
1.090082245304065250e-01
7.892751598624502263e-01
-4.406393236420204640e-01
1.845800976043646680e-01
4.951466397631567457e-02
3.343344615420529298e-01
2.465146826812360525e-01
2.169828304512613215e-01
4.153816784116617367e-01
2.857243092178782251e-01
9.826678957234495637e-02
2.922658572752784290e-01
-4.762580191842753496e-01
1.889965288840910751e-01
4.522741847116482083e-01
-9.435241747397105083e-02
1.288104634479184385e-01
4.006228037419926058e-01
2.476850779952012027e-01
5.505364794419609353e-01
4.710706958828179136e-01
3.873415651475153321e-01
-3.481734363323940040e-01
7.639106887894531184e-01
7.632712354348850647e-01
9.728274882570207005e-01
7.071561208916244956e-01
2.598537041465744934e-01
6.763724177422142381e-01
9.963826675284912504e-01
7.338153798169348985e-01
9.708282333374862461e-02
3.737590348010761954e-01
3.104029775069628294e-01
8.352133329123071492e-01
4.434103002917047509e-01
7.484368750567105266e-01
4.734958632530013589e-01
9.866975823330188522e-01
6.757013604533110840e-01
8.866582847373227771e-01
1.106208002441185778e+00
5.044513347814550963e-01
1.186247109052149806e+00
1.015656203343934694e+00
7.617662181595753479e-01
9.060813804532115157e-01
1.364466171548259332e+00
6.687710376168269910e-01
1.534468225039396394e+00
1.204537081598608061e+00
1.056973194546652728e+00
1.012675936215057915e+00
1.124032258264970885e+00
6.777341531148659559e-01
9.526810986573684970e-01
7.621866625763896730e-01
5.208304075353162865e-01
9.433896720427276117e-01
4.953242015962416311e-01
7.794383172613807975e-01
8.855048321216928420e-01
5.393021733054081945e-01
3.589193140515261615e-01
3.976532337269664263e-01
4.145924375467320289e-01
5.384458186147668135e-01
2.850499249150336145e-01
1.740649144722054564e-01
1.006297278808767182e+00
5.260048171111031401e-03
5.742008177523248991e-01
1.087169920790359789e+00
6.763623663801152652e-01
1.636033249504449394e+00
1.493603573553207164e-01
3.716988196101803643e-01
4.993811711550251720e-01
3.502177736893401505e-01
2.847539545692309160e-01
4.843403861684274503e-01
1.727166380854602556e-01
7.071699231022143817e-01
-3.846122809204804982e-02
5.769178251858455564e-01
1.911495801406078443e-01
1.802535106260070852e-01
7.099299384497399501e-01
5.244495630405133779e-01
7.459863570934084365e-01
1.355068953928389441e-01
-1.946960624269161166e-01
-1.105194750353045985e-01
5.057698044138412286e-01
3.064671590103801857e-01
3.023836052414583531e-01
4.600064684173466034e-01
-6.217816619380771292e-02
3.646027845109453547e-01
-6.570695895532778774e-01
1.745627869128458798e-01
6.921940291551323399e-02
-1.925448591316891167e-01
-2.296100177824622890e-01
2.201581267210544479e-01
2.081287819702781205e-01
4.932348468342994119e-01
7.506176351006416114e-01
3.756142492323544801e-01
7.602916359319626949e-01
6.038991577121992638e-01
3.110082659906782121e-01
3.996281987385655321e-01
5.424833062839934383e-01
2.401334663389145807e-01
6.639968082281836326e-01
1.180739915325159650e+00
7.730642714150746109e-01
7.688074533596925830e-01
8.171748126652548239e-01
1.170223417527932241e+00
4.470018693165698775e-01
1.175576302613504875e+00
1.630920761310530764e+00
5.613058849194643152e-01
1.114763350833717581e+00
1.309766923915403947e+00
1.313940420112009067e+00
1.138581966452655303e+00
9.469812554594619902e-01
1.058538577475611975e+00
1.243968580549478231e+00
1.756986835971237948e+00
1.262095433562195224e+00
1.461464725921700847e+00
1.680105902288697273e+00
1.479593162095387715e+00
1.037217431698867376e+00
1.569377798641361066e+00
1.743902492255969161e+00
2.055089014412447845e+00
1.588648202915520447e+00
1.637664480677646806e+00
2.148338238677906187e+00
1.731028979314188421e+00
1.748893308612101460e+00
2.125276374341746877e+00
1.517654825315749356e+00
1.755663886275544261e+00
1.875861960902530212e+00
2.302840893165750025e+00
1.846202569771978164e+00
2.758403062660807148e+00
2.384459804241150227e+00
1.657324360014857501e+00
2.154571164255740356e+00
1.317442222964774867e+00
2.100152906284785903e+00
1.700915423877690014e+00
1.289743970436215914e+00
1.516453108870534194e+00
1.680907494796982204e+00
1.256252320462011962e+00
1.371952303404992746e+00
4.003251277410710962e-01
1.088526340003472592e+00
1.139123310981741133e+00
1.097071154270331084e+00
1.857261051423998888e+00
1.698139470527007200e+00
1.062309020543895866e+00
9.071426111395349823e-01
1.511707825124061877e+00
1.050703576410070728e+00
1.275181372719941919e+00
1.094754632679749706e+00
9.216324875429667829e-01
1.039395819389771880e+00
1.058846497751960714e+00
1.209164938525326249e+00
8.632034704820780169e-01
7.206268233014383462e-01
5.517646406746534726e-01
5.792544034737437952e-01
1.289979114996924192e-01
7.987359370393971592e-01
7.791827675188618407e-01
3.348484948286446494e-01
1.573869834888645958e-01
5.157776831437453913e-01
4.333913853606902733e-01
4.505263421809204138e-01
5.224148024281367597e-01
-5.065260861571940776e-03
3.053121271971317441e-01
3.743025195675013794e-01
-4.882316843767398051e-01
1.311105412284987171e-01
1.022205908402874786e-01
-5.909820366597061669e-01
-1.446415041124814727e-01
4.877558746773628107e-01
4.441383928534488323e-02
3.296086480992791445e-01
-2.843544628280011977e-02
3.023803056665375633e-01
5.144303027224670366e-01
4.402014515515757509e-01
9.498194012382021878e-02
3.935231088448533643e-01
4.506739683743581915e-01
6.661480678517949228e-01
6.676651277114974414e-01
3.996695063529931424e-01
7.858484653995956304e-02
9.269247735936019250e-01
1.038619652717784447e+00
1.227881994678190702e+00
9.172747357224045883e-01
1.296738405243146319e+00
7.733453994312079471e-01
7.329860028295314134e-01
5.591122952882935371e-01
9.161637744261020844e-01
1.031538901285480758e+00
8.929579828736771141e-01
5.418037549143351894e-01
5.470247395816851821e-01
7.578036552045279706e-01
9.352332247359517181e-01
1.881792427299432635e+00
1.112277518022674938e+00
1.789467357083106336e+00
1.428490501367816634e+00
1.671082097382127207e+00
2.010304191036288657e+00
1.266136065545023559e+00
1.467927320701051697e+00
1.756386217713349351e+00
1.828452165648857264e+00
1.370073183610524659e+00
2.032796891429248021e+00
1.562064466706581500e+00
1.525118925731806740e+00
1.414711912609289080e+00
1.775386326597319320e+00
1.471066253437805837e+00
1.962896520059599359e+00
2.075393136959781337e+00
2.249810230343209483e+00
2.081822289619780886e+00
1.660397644203263523e+00
1.933511300681306500e+00
1.471373451497225204e+00
1.753841023959457956e+00
1.837525796032959624e+00
2.126376366559676878e+00
1.312165507870109327e+00
1.634367126353745370e+00
1.482939392723764849e+00
1.600743942841031719e+00
1.648721948627679623e+00
9.474311785724569557e-01
1.603493538707754684e+00
1.551811779837066529e+00
1.716544619487205159e+00
1.797924118240645797e+00
1.379406042888166706e+00
1.673735783887492001e+00
1.138941014728389378e+00
1.143027971529825049e+00
1.032490945951363370e+00
1.627185607854956473e+00
7.651630767528978527e-01
1.118551237219739924e+00
4.026446933194745004e-01
8.379713133412709514e-01
8.204097885712484661e-01
1.291442797375964346e+00
1.391629907639825969e+00
7.298472654619289068e-01
9.335314629360857985e-01
1.053301063578467645e+00
8.555095816856077562e-01
7.625477835539042903e-01
5.867412233971085467e-01
8.135733690875515123e-01
1.057854050875474350e+00
1.195221612946733569e-01
5.585127772064812923e-01
6.399341482973708306e-01
7.532460272504860610e-01
8.443538911083321441e-01
2.766716476586928430e-01
1.162185130371845565e-01
2.509605000225339499e-01
2.018472793695181289e-01
1.952629347237644919e-01
-1.649586923043818154e-01
6.050105485792878213e-01
8.453462590183889735e-03
-5.586289656167616746e-01
2.992238318018169974e-01
1.762107734440577222e-01
7.655213514887109216e-01
-1.591183260064749083e-02
4.083083644571446347e-01
5.778381176665514651e-01
3.666394107477487507e-01
4.827472305668620844e-01
7.417565705077099336e-01
3.351293875508508657e-01
4.661072546239897751e-01
-1.035262027085764869e-01
9.369524497436965138e-01
7.166084201702220824e-01
5.585784562744793291e-01
1.212097197231432943e+00
9.350023545692771609e-01
8.980508349720959238e-01
8.795662897056452101e-01
3.438349361642080160e-01
6.722905005453798655e-01
4.829402804198243970e-01
6.027158937470602496e-01
1.111394034567528610e+00
1.179790420906325910e+00
1.325187412792107500e+00
9.540988797987589587e-01
1.730884819115084738e+00
1.090532516637801042e+00
1.227159792663000903e+00
9.366542537680855318e-01
1.667512935183238065e+00
1.773446035695503742e+00
1.329391860496967226e+00
1.461411014137839581e+00
1.587060796780259908e+00
1.138679522429797641e+00
1.542177172103405880e+00
1.885656752850613405e+00
1.844625638933975020e+00
2.102723284952837446e+00
2.007439948597730783e+00
1.931158278073071388e+00
2.055108054966428455e+00
1.755143179201225312e+00
1.944931981349287797e+00
1.961744834958452532e+00
1.816642725395399172e+00
2.634830496312774439e+00
2.224649230521745569e+00
1.741258401086756225e+00
2.350874652269564269e+00
1.622875462810355218e+00
1.983012848098152592e+00
1.723880702574255519e+00
1.853771292582632624e+00
1.222159436196097460e+00
2.174920286488013055e+00
1.547068402816685895e+00
1.871080575439857618e+00
1.949217913004084313e+00
1.566367934454930388e+00
1.641081678376562936e+00
1.334961000489523153e+00
8.504292102717463386e-01
9.118554174666279044e-01
1.287104631495456397e+00
1.341882102510933095e+00
1.033655867750582491e+00
9.851864759750466050e-01
1.155748385356496488e+00
1.395305706843836813e+00
7.711662805776813290e-01
9.691086142943107218e-01
6.967742047291562990e-01
9.281548451941100675e-01
8.583096655704627320e-01
1.062620682131179439e+00
3.604844520975089006e-01
1.018713370638012261e+00
7.703977958963222905e-01
7.635566892932815763e-01
7.553249034731419620e-01
9.407120345924683269e-01
1.798605783554873550e-01
1.498048839587845515e-01
7.029849207421572377e-01
2.758085660350346746e-01
3.676941870898146059e-01
1.358355990622377163e-01
9.432258123217462931e-02
-6.573349265957212362e-02
8.117477393764266358e-01
4.198062600367230002e-01
1.191045038059615757e-01
2.677968930735709352e-02
1.750535550209406377e-01
4.180247089819415507e-01
-3.479876928185213769e-01
9.474359326129126735e-02
2.963857957656300113e-01
4.966742934182436509e-01
1.261979220509096278e-02
-7.311596846920082049e-02
2.944948270751472919e-01
1.166706606820220038e-01
3.776421039574706651e-01
7.827918264319715380e-01
6.826294885510104660e-01
3.270047666527196029e-01
6.954768477428485696e-01
4.698515156867358877e-01
3.274494359675675370e-01
5.949391940633685927e-01
2.361522256854526325e-01
1.176419918201079273e+00
5.359995239386650123e-01
2.159707075823996680e-01
6.552024492785762932e-01
4.961199314045501296e-01
7.756530342428612501e-01
5.491078193140619401e-01
1.375280406027533875e+00
1.703435416015024906e+00
1.126278323792415215e+00
1.535383941767520577e+00
1.046548401846650656e+00
1.077083963323027804e+00
9.012522774812791182e-01
1.161587428805036293e+00
1.960535345719073286e+00
1.473217913518359401e+00
1.768875046769227355e+00
1.254316336911309060e+00
1.943652400319531903e+00
1.690202514071905027e+00
1.615609782106083081e+00
1.329380954535893666e+00
2.124191251597708163e+00
1.992347133199711129e+00
1.343202244406386026e+00
2.201474256176514377e+00
1.982127114280196611e+00
1.775523602810311852e+00
2.120011220264662821e+00
1.839666270886424870e+00
1.641240096575483864e+00
2.093221483514740910e+00
2.105225574783169407e+00
1.943477089738353758e+00
1.910466064945479658e+00
2.165204859759949585e+00
1.953814617688587996e+00
1.499203376342259864e+00
1.859036197821474889e+00
1.841209334921042551e+00
1.539123590875637992e+00
1.647141900578024121e+00
2.018166870124293855e+00
1.247180411068602224e+00
1.814623590954358434e+00
1.687377824430002615e+00
1.183622983582934829e+00
1.453288466737059359e+00
1.764664267979042966e+00
1.388741196565186131e+00
1.362396825283840096e+00
7.346046323813723022e-01
3.008268305469342652e-01
1.520305492219386378e+00
4.207229781597331408e-01
7.909689966274833228e-01
1.202100880887717826e+00
9.969642329426861016e-01
1.186803043332677721e+00
9.902318420056259729e-01
1.253702957349948521e+00
1.071123202083677395e+00
3.702097419720923877e-01
7.502963110148915815e-01
1.712364232545738885e-01
5.408818440184911536e-01
7.439424154294822511e-01
7.044800634614634127e-01
5.347456138486383903e-01
4.450720568864684479e-01
1.826158668186994571e-02
5.978947982273631334e-01
6.244190589781155598e-01
4.458803951404632371e-01
4.867103112068340565e-01
1.374474325448815926e-01
6.864937601732858941e-01
-1.464452449716174831e-01
1.442750761587268393e-01
1.171228496500725386e-01
-1.987062155991100032e-01
1.386694543068900110e-01
3.035128425320829382e-02
2.273737294723286451e-01
-2.820629563444904675e-01
5.010455826028161752e-01
5.766872380324693514e-01
9.963384476173359205e-02
1.015033358364234306e-01
2.526624863488380890e-01
3.357658973428838123e-01
-1.142329426717699770e-01
3.436468442377693666e-01
8.829975133170242518e-02
3.553903194511502939e-01
4.561745484941626128e-01
1.135656869209744180e+00
7.906398912997620876e-01
8.083514626204280074e-02
5.999783406783173456e-01
6.545753004921803786e-01
8.901421275217025197e-01
1.027465167682256375e+00
1.036024976408475018e+00
7.116001191366788658e-01
9.117573714391169482e-01
9.243951482082711779e-01
9.565476560873884537e-01
1.055673980455212657e+00
1.463168632699365368e+00
8.616431946881608628e-01
1.454872995546711012e+00
1.147436204834152651e+00
1.453440722572574062e+00
1.496426388287587228e+00
1.091256708214137339e+00
1.490648825773450925e+00
1.080155337941427707e+00
1.246050595314685872e+00
1.344824329118315509e+00
1.398287925296302525e+00
1.647519476908683611e+00
1.597790587572355481e+00
1.567556693020434544e+00
1.420530879713648886e+00
1.488865940541755251e+00
1.633921185142037880e+00
1.699047031635357641e+00
1.560295670771483234e+00
1.569532848036321093e+00
1.955047452176927436e+00
1.944901753583045956e+00
1.857658833474739701e+00
2.394059542448467859e+00
1.513620690558599824e+00
1.424942194498769688e+00
1.703320205386506636e+00
1.489496691020887775e+00
1.760488871422004609e+00
1.744277864798217559e+00
1.783743482005991199e+00
1.236895461133399099e+00
1.718224126944522423e+00
2.027419003274111731e+00
1.177112201136255809e+00
2.082357486361296139e+00
1.466710198685964306e+00
1.325442665536814779e+00
9.423962939300971620e-01
6.426650107273276236e-01
1.246295812188374708e+00
1.829760176818023831e+00
1.039369705300653868e+00
1.082027861164126747e+00
1.682454165366401355e+00
9.864790746799489973e-01
5.385768166883999619e-01
8.327158908536465010e-01
1.305383505879311734e+00
6.423603066643165382e-01
1.412328190250289328e+00
8.334242131479406845e-01
5.928217247702219916e-01
9.484419395322267743e-01
7.493087305826698907e-01
5.565178078950417939e-01
4.495780729202510928e-01
9.961024082086804565e-01
5.645864846577877127e-01
7.143445384006512633e-01
6.219491987088753282e-01
1.348612496808857530e-01
4.980228899467162851e-01
4.879835316571486947e-01
6.546427860429567813e-01
-4.962603494220019229e-02
-1.454884898519472891e-01
2.644142178803811638e-01
6.357577584226702383e-01
-4.124957940154155844e-02
4.458139264759214959e-01
-1.792068751795231757e-02
-2.201844745656592744e-02
-4.228076632514621291e-03
5.747163526195787631e-01
1.826666328017833019e-01
4.952917979593582376e-02
1.859523478434051413e-01
6.198937051879832572e-01
9.616385965865556495e-02
7.186406694193112621e-01
2.257668185887644896e-01
6.916711152217762670e-01
3.928503511159402994e-01
5.725138550587977049e-01
5.213327496485671286e-01
8.755045733543752595e-01
4.569639387821560206e-01
6.941530062927070421e-01
7.496757201600457998e-01
9.669062117039091131e-01
9.941172813429661748e-01
7.233652378056528720e-01
1.539231559315850095e+00
5.603579390484203504e-01
9.914295343784885750e-01
6.826678308667447626e-01
1.403115004213675743e+00
9.824559759092944544e-01
1.710865127917840844e+00
1.506389851737197416e+00
1.116823729764326645e+00
1.166936560459345351e+00
1.504430376142439130e+00
1.699364720302620313e+00
1.138364267091393156e+00
1.323213806457664621e+00
1.363780453757248434e+00
1.971423088500880327e+00
1.787731960278334142e+00
1.165253267549477778e+00
1.665158704957455216e+00
1.718748683401939426e+00
1.925261164681029591e+00
1.674751207264072894e+00
1.906919445915899569e+00
1.002034931574408816e+00
1.917965733830609754e+00
2.193586236586770877e+00
1.663010536412854012e+00
2.349288681147818636e+00
1.953479314868254546e+00
1.530673241067433521e+00
2.821621862947690129e+00
1.916290872418974001e+00
2.277718573831667648e+00
2.087919214283564084e+00
1.952269287246011675e+00
1.473480747698205029e+00
1.882900748785966805e+00
2.149722787520909506e+00
1.806857292842707574e+00
8.744574548457136887e-01
1.471812918484430188e+00
1.316519906148299057e+00
1.409474962048432367e+00
1.391163701031403965e+00
1.060062520536003916e+00
1.181658349756713244e+00
1.019003404929485823e+00
7.404785949017456126e-01
1.294227474841686876e+00
1.625902662871241855e+00
9.404556132269764612e-01
6.554901835468835980e-01
3.116124248007422493e-01
1.390464394121051717e+00
2.978374987788822148e-01
1.784856349502995876e+00
1.166114525839694327e+00
6.771244851314219826e-01
8.405013256555406986e-01
1.020323579202101927e+00
1.079203661576869644e+00
1.086159661434961565e+00
7.297525244822389290e-01
2.607361919524766036e-01
3.741447381275959660e-01
1.725559993675727100e-01
3.863891904143992861e-01
7.052576931443446107e-01
5.737050782046732023e-01
5.800199090398177049e-01
3.368964723598805167e-01
5.544030366447456615e-01
5.909248184065174492e-01
-3.754916269260832884e-02
1.964074800861651537e-01
7.919072710948242833e-01
-2.800362584782838948e-01
-3.498191000279095575e-01
1.610410472820665920e-02
8.906429336648880035e-02
1.121734497043105350e-01
-1.151985010086882810e-01
4.080076598185810033e-01
5.564636187559960367e-01
6.211295379418035889e-01
4.833623741430283505e-01
2.754337069702940122e-01
-1.490061376366937917e-01
5.558937016826065447e-01
9.372201592154565386e-01
-2.092357184051052421e-01
3.852801358725009284e-01
1.461963195530568971e+00
5.092665367757964745e-01
6.665373871363305947e-01
6.104162513317896721e-01
7.834336985833071365e-01
1.021632975261952403e+00
2.463627158976030573e-01
1.005263130302767038e+00
1.249221343971169684e+00
1.279719308803790589e+00
2.895509741736616016e-01
9.544288996769254574e-01
8.061668533933653569e-01
9.877327032379803473e-01
9.189645105181794005e-01
1.483449137213187496e+00
8.394089667738720006e-01
5.500546278802470601e-01
1.300726530606565401e+00
1.357549715893115350e+00
1.514340508738565738e+00
1.588745791906595928e+00
1.850845534001770432e+00
1.052592692478309999e+00
1.444868675131228075e+00
1.519897590191434888e+00
1.188809389892380164e+00
1.993299675779711677e+00
1.593703107813381425e+00
1.962038717911210428e+00
1.674373821663685202e+00
1.621889696575823381e+00
1.524675548639121248e+00
1.705370015270634587e+00
2.187924694082906907e+00
1.931793493253350036e+00
2.520529235679576097e+00
2.064615351613085625e+00
1.954825666692117325e+00
2.451480583100082100e+00
1.829262972761418027e+00
1.522265786366889806e+00
1.506309130604015944e+00
1.723599427779078042e+00
1.727453006632973187e+00
1.610158745925195811e+00
1.820353880115516798e+00
1.226086417404171680e+00
2.091029663123411986e+00
1.354568113593498602e+00
1.002164431351851182e+00
1.292055213685745274e+00
1.647893120648484810e+00
1.585000683936464538e+00
1.614177979533708118e+00
1.047993802508927041e+00
1.018270679765816533e+00
1.633551035254158013e+00
1.036311393603554176e+00
1.512756427963320993e+00
9.268077996789206852e-01
8.771047671416367653e-01
1.236471785637833110e+00
9.509051628131097722e-01
1.280784302042928147e+00
1.162335926831268740e+00
7.987579483461445529e-01
8.975716018310149202e-01
1.138789755209342003e+00
3.511346481969155331e-01
6.395960716532191892e-01
1.180920931354126013e+00
9.337674767268080434e-01
8.464088782526963950e-01
7.527442946066900120e-01
7.054683745905762082e-01
6.789831577778473459e-01
4.688642641367890551e-01
-2.929776382310637084e-01
-1.759306160949991593e-03
4.304405033100108247e-01
6.803027400559447102e-01
3.673773568927543587e-02
2.334120226397621567e-01
3.353479782462417402e-01
-2.670101322982088021e-01
-1.824317734892149934e-01
1.186150087655502561e-01
2.733262639455875664e-01
-6.279480382713373277e-02
1.830536620168276285e-01
3.823700331297051891e-01
1.177222973177311227e-01
3.124615673213547162e-01
2.125245731658412796e-01
1.334202067019528148e-01
5.539385911871694823e-01
9.553554397271164511e-01
8.411178833649501918e-01
1.747532352879383466e-01
2.198163176852441780e-01
4.218261697317295944e-01
7.973674296576831466e-01
1.053804009967310051e+00
6.157062816131164684e-01
7.799328480570092426e-01
3.408080816590058348e-01
3.876501309606216195e-01
4.896319391169982604e-01
9.790242847993693154e-01
1.666634052859313542e+00
6.856561976101971378e-01
1.524583076007747895e+00
1.305559246666833983e+00
9.464255869707861590e-01
1.201640292254517073e+00
9.318175714589231884e-01
1.063006852664013735e+00
1.265225350299925333e+00
1.080492532120320037e+00
1.564456986699953145e+00
1.644770611132549298e+00
1.837965183369676403e+00
1.578007865121481945e+00
1.674068130797060405e+00
1.405149647043341554e+00
1.614724779559291168e+00
1.542384500788058999e+00
1.423039135337520023e+00
1.582328581825766189e+00
2.027099872462758690e+00
2.040575819439540250e+00
1.979124025173669033e+00
1.686127067976604499e+00
2.376718423868664054e+00
2.263844187642817918e+00
2.127356484054101049e+00
2.224963480102224889e+00
1.823889363697193344e+00
2.211632424484605508e+00
2.072104805313908837e+00
2.272280773039863977e+00
2.106784462971576399e+00
1.915638756449769220e+00
1.188213831424817180e+00
1.467170961978978783e+00
1.658908404980903306e+00
1.406535829244601077e+00
1.698218015859724206e+00
1.369679215933359284e+00
1.437954222214057998e+00
1.443954583214611898e+00
1.224992050335866667e+00
1.567285241203690171e+00
1.212570052725317593e+00
1.427717365499348467e+00
1.032028772574858255e+00
1.254292095647410177e+00
1.129960237197129569e+00
8.358502128301819045e-01
1.367985112091627098e+00
1.274369507632326703e+00
1.480577426042262612e+00
5.694224536975895923e-01
1.087989257626664985e+00
1.312218603454658572e+00
6.830427730859625068e-01
7.523864903558580286e-01
5.853965660846364161e-01
7.908914578102385073e-01
2.305372288522257729e-01
5.510839610768211161e-01
6.775681427653313937e-01
-1.237146630476814169e-01
5.303789682968506058e-01
5.190678687861230989e-01
5.762064063952598847e-01
-7.112200741554475236e-02
2.955296276574148617e-02
5.299000194658747276e-01
2.747959487082705654e-01
4.772648857364748531e-01
4.542279697226683788e-02
-4.499332461203987554e-01
2.020153210660926013e-01
4.202435897248456009e-01
1.548659190414472531e-02
1.077471347656066558e-01
-2.163146110491585561e-01
2.635174390215618834e-01
-1.798644464553455224e-01
6.384187382439755476e-01
6.245246687902079596e-01
3.588660935633230520e-01
1.729431302796612946e-01
4.857134556170242812e-01
-2.066484056021459237e-01
8.038232036842050121e-01
7.376412714570861340e-01
-1.676018059984684117e-01
8.873727653108907099e-01
6.939850682252410863e-01
6.251893680180956592e-01
9.482837716189087551e-01
7.182665515912602938e-01
7.079705480560092301e-01
6.562701117510093551e-01
1.163325499399924245e+00
1.130083402284992378e+00
4.078556402960822336e-01
8.058670419008502339e-01
7.723897591217043779e-01
1.067407583003928462e+00
1.286190224723902986e+00
1.177940266627081289e+00
1.001840845114931655e+00
9.241236935609236092e-01
1.326003140986750095e+00
1.277769620726631139e+00
9.583667953271954865e-01
1.169149905137038870e+00
1.140955459341531197e+00
1.146866655878478136e+00
1.494005967285358283e+00
1.310797169629432046e+00
1.381056858813821009e+00
1.966155422300374545e+00
2.201989100390905119e+00
1.736193689979997012e+00
1.433885148983448321e+00
2.388851533744848599e+00
1.222264686174032722e+00
1.894853457666783925e+00
1.701640721785403931e+00
1.833931780722537486e+00
1.653097720181234465e+00
1.881571459460292139e+00
2.467765399210717803e+00
1.674831474669741471e+00
1.896216666066057766e+00
1.540444830277220234e+00
2.032798372325090419e+00
1.961174338070622358e+00
1.521475839689391707e+00
2.351508210357969197e+00
1.783948726032269283e+00
1.892392423237639232e+00
1.311021172883722885e+00
1.921793994333596656e+00
1.447770756111802504e+00
1.364302189620955730e+00
1.471534148702763112e+00
1.408279335906606589e+00
1.291678982322411073e+00
1.410940992224440693e+00
2.034912777237751769e+00
9.169342251838368263e-01
1.955454268838161980e+00
1.193294852333848244e+00
1.117419172011324902e+00
5.456899406414902343e-01
1.124964744156732088e+00
8.582412273038786399e-01
1.415746971451778524e+00
9.748480327716914084e-01
9.392936263444047196e-01
6.002469923518523043e-01
5.242693765350063817e-01
3.856245308603646338e-01
6.428148232863808431e-01
4.257716550495160845e-02
1.568383528921535319e-02
5.722181864974386079e-01
6.135921344870209904e-01
3.296213113287040919e-01
4.371186743634496441e-01
2.751921800262432383e-01
5.190402076572731005e-01
1.465127438832575235e-02
2.350302463124142593e-01
5.428063073309659092e-01
-6.106269615392595496e-03
6.371116366514377738e-01
9.932439202900156250e-02
1.258838721387691706e-01
3.966830429856358919e-01
1.524037217960516333e-01
6.446724514212440749e-01
3.333128868080583729e-01
2.589565951450741310e-01
1.783969815562750916e-01
1.309600065896698584e-01
3.757995888273421570e-01
-6.613138063365686659e-02
2.445301898288427811e-01
2.007047707907910761e-01
4.893421780432996027e-01
5.403458090755514087e-01
8.470920056500494955e-01
1.663590504632430078e-01
6.369147817817905066e-01
9.901624804553641468e-01
9.118811817737559888e-02
1.103481615177667186e+00
9.155376128420416038e-01
7.323994641880662293e-01
6.490732155401425230e-01
9.997649388824425554e-01
8.225011103138940571e-01
1.026550877936576178e+00
7.684735490028810068e-01
9.741892569834377236e-01
7.749919868342443063e-01
1.167350107350976884e+00
1.051247953376684752e+00
1.723422064617134541e+00
1.152721993332293415e+00
1.260421240787260144e+00
1.316360938259303559e+00
9.929393826252150834e-01
2.075473120536204252e+00
1.932797502178729809e+00
1.082532927007002321e+00
1.381858936786777070e+00
1.589576662518572547e+00
1.431883330609574845e+00
1.430885211664908230e+00
2.149857492268296255e+00
2.116248997022439848e+00
1.374068585539621967e+00
2.216688370488510529e+00
1.705168531620520511e+00
1.822289974072301089e+00
1.928474620515157056e+00
1.947957069192987056e+00
1.601151210084569509e+00
1.785254820625953975e+00
1.714580080305814880e+00
1.779223627165777977e+00
2.169439275691269486e+00
1.686298914940729254e+00
1.944826916707859565e+00
1.424689049037384470e+00
1.717688072631019081e+00
1.652664667632345985e+00
2.016893721405722317e+00
1.581603464272725912e+00
1.355617372215911942e+00
1.449679999437625044e+00
1.939012001013594499e+00
1.547236467178855879e+00
1.309734498193623198e+00
1.426974143279571061e+00
1.411392957937342763e+00
1.577637196545524034e+00
1.580446771944342466e+00
1.499140598148801740e+00
1.152937305715744376e+00
1.699512427338881748e+00
1.221418134494377972e+00
9.059601806374443234e-01
1.056637440955069618e+00
9.391483861456693116e-01
5.508684410899316042e-01
1.023797552386865206e+00
8.819111758488011876e-01
6.699389196667187019e-01
6.022001191030298406e-01
1.688889590768123394e-01
1.255102461789010526e+00
1.215664191008139605e+00
5.598291212268577954e-01
3.094676008996157801e-01
5.810249711949371232e-01
6.592152407601684638e-01
4.211288210434912527e-01
6.478480065532891130e-01
3.775936225875516361e-01
9.120995179633717420e-01
3.551280542790428152e-01
3.709113484815917405e-01
9.066946851440974564e-01
7.074184215770005224e-01
1.475831583055833007e-01
4.136880637224878421e-01
3.589484956193428333e-02
3.600944638543518428e-01
1.585283694818935274e-01
3.966889187032351383e-01
-1.172774674442313148e-01
4.562619188409657300e-01
4.692302833747469260e-01
-1.000506413785184623e-01
-9.021447489751382998e-02
2.812655036086834648e-01
2.261133857686126736e-01
7.140639452465338266e-01
7.932922842948167963e-01
8.139304682755239551e-01
7.877428736555597277e-02
4.885576955192436621e-01
9.715996128702621970e-01
9.444103593305266386e-01
5.627230317759912559e-01
5.653416247573787023e-01
1.312329161411564193e+00
1.260266187458709553e+00
2.862774945141286498e-01
9.641406564658947520e-01
8.521022410011478421e-01
1.221921906692682747e+00
1.264977530511532278e+00
1.218946499023468633e+00
4.662138958238059572e-01
1.072088356322443259e+00
1.022282800362257271e+00
7.943422246224970396e-01
6.328228203822524600e-01
9.511293632949220367e-01
6.795354095574968056e-01
1.624075261525959046e-01
1.184226700121423725e+00
6.772060356527579428e-01
3.895383423274707546e-01
6.530323247380706020e-01
7.230121014597049589e-01
5.524359604582017580e-01
6.320693417809845061e-01
9.434929776785500044e-02
6.280762932166379375e-01
2.280138004560260390e-01
1.953108471890290798e-01
-2.564668287966878624e-01
-7.779192374260870957e-02
3.346933902154761720e-01
3.167556266652066244e-02
4.392837689138220231e-02
3.672401548414098160e-01
2.267737205939673595e-01
-2.373638554382365984e-01
4.741932198471336679e-02
-2.177740118345543041e-01
-1.512896373990682275e-01
-2.267262916646772819e-02
-1.748996940289921920e-01
6.390133641564308409e-01
5.529966398681630535e-01
5.082735621524492320e-02
3.329307145857179906e-02
7.571081197101613425e-01
-2.677790086276545800e-01
-1.208869897048887587e-01
8.133200773931017480e-01
3.780184834234865399e-01
1.060369190207276713e+00
4.130804313351238433e-01
8.026420621687153645e-01
1.061770516353615301e+00
1.270202762792689510e+00
7.116611919986647328e-01
9.439154661830673199e-01
1.250859756966260505e+00
1.188865408896833564e+00
1.318228657464849851e+00
8.571323728468396297e-01
5.537938990054577237e-01
9.136042457434272457e-01
4.172555923498502684e-01
6.245654354495465688e-01
8.200980832589992442e-01
7.198460479530185419e-01
6.273375390416964237e-01
1.061404527023056765e+00
3.693200137834066199e-01
4.710499210944826265e-01
7.874263856115706339e-01
3.267271729085982068e-01
6.412435625945607232e-01
4.002128210204362047e-01
3.747095327795685882e-01
8.508530387877133450e-01
1.558862282639144059e-01
5.751050397819126303e-01
2.997568866585008651e-01
-2.130164555047694419e-01
1.145925937515928777e-01
-4.856108137799990954e-01
-4.755659594807844226e-03
2.094743805873241771e-01
2.960045407304740528e-01
-2.148268500177296647e-01
2.008143409482474884e-01
6.536379160107563813e-02
2.168217612959587870e-01
1.080870249231463964e-01
5.060362374280977793e-01
2.651651309992656413e-01
2.230946010199511831e-01
5.790041853014186168e-01
3.984452432670614330e-01
-8.587576806511454386e-03
4.295373135686260668e-01
5.078838471912430208e-01
1.242773178420461644e+00
3.586353043644460170e-01
4.655934605676604887e-01
3.554648384734535038e-01
4.508210835530866989e-01
7.967140432578734277e-02
8.201893101590452817e-01
1.123085742164739331e+00
6.591395712166787657e-01
1.143729524672119746e+00
7.629894344535050887e-01
7.823494692208537993e-01
1.122640279940168018e+00
4.969707989483753141e-01
1.010671731710302446e+00
6.720075416151664038e-01
6.478318837164112054e-01
7.754131380529020179e-01
8.933174468513216393e-01
8.703147208314170324e-01
6.613620030748631473e-01
7.501033843551303537e-01
7.807493821281221713e-01
7.302395638037615377e-01
3.614279986463732053e-01
6.778476477273385203e-01
2.467450097966538414e-01
1.412852440027637657e-01
2.140344983240669019e-02
4.283752106936817849e-01
3.720196096505863359e-01
-3.072587716130634750e-01
1.755721752263522117e-01
2.004471261475425092e-01
-1.255460791562924283e-01
-1.666434655933716202e-01
2.681997037769882075e-01
-2.443344618782023470e-01
-4.220808681333532153e-02
4.164158647529291324e-01
6.742639755646555599e-01
2.703937342822899104e-01
1.956271875477975097e-01
-3.143750112019622067e-01
1.473237399935184433e-02
5.805839141166342365e-01
2.436337403432433102e-01
-8.070727185656234592e-02
8.088015915537205558e-02
8.836412008886393998e-01
5.495694264762009951e-01
5.642944957908926362e-01
7.992429404293290851e-01
5.496004844718054283e-01
-9.277769283311221304e-02
1.268327867757825356e+00
4.803224540588634794e-01
8.032267795404867128e-01
1.222680176115920725e+00
6.115606516619909172e-01
8.397323313668694222e-01
1.114225411565545443e+00
9.631415203013039550e-01
4.953896170651537201e-01
5.187371740685704502e-01
6.440290656708302919e-01
2.654124533305601830e-03
7.659532659822885226e-01
6.265696953996735541e-01
5.532651732722607685e-01
6.880308995893232860e-01
7.288889674951901654e-01
3.746663530638165707e-01
8.298028472473439887e-01
4.342000933946412733e-01
2.593767512046010193e-01
3.528871849220607260e-01
-3.137016742536010705e-01
4.869432976896713727e-01
-3.090826823275066304e-01
-1.054205547613441818e-01
5.724833274136577055e-01
4.709323603969708394e-01
5.170667110256352839e-01
1.158031077523608843e-01
-1.953001050521101511e-01
-1.956587678630631044e-01
6.462415655954993898e-01
-5.192612158285625501e-01
2.470670519243169660e-01
1.524843497435104944e-01
2.148234750202851484e-01
5.978966382365937804e-01
7.262446865725412648e-01
4.775273503221061366e-01
-4.175025776431223745e-02
-5.020312288322292815e-02
4.027215417365588301e-01
4.846242941665420134e-01
5.550598467834944039e-01
6.083179128161213534e-01
7.970233862637561284e-01
8.160769312971658529e-01
8.234996949566542046e-01
4.811648163870936856e-01
9.261322938224944012e-01
9.295392991268761618e-01
9.035871063907027212e-01
1.046675833123781763e+00
1.396108929653306463e+00
1.108208629396062239e+00
1.045987634706567970e+00
1.013359211732196119e+00
5.950155153860543500e-01
1.286465592369888666e-01
1.097206322502110476e+00
1.079035706375093717e+00
1.070199198038842336e+00
4.866750634277536847e-01
3.067979376410301384e-01
7.154102091762218896e-01
1.072582132425181189e+00
7.587609571233511208e-01
5.294233471515301659e-01
-1.878328754824339919e-01
1.850039191932041915e-01
1.394146897264993135e-01
2.069869186531400063e-01
3.500233839725939711e-01
-1.615373189340050253e-01
3.161494690979260724e-01
2.735737542439532488e-01
-1.870256143957346184e-01
-9.322720288907078434e-03
3.315338594200267774e-01
-3.524869010524726842e-02
-2.129942318652999766e-02
1.847663504088649378e-01
4.044681446280306014e-01
3.359978023093408983e-01
1.750461428626045035e-01
7.475229988192235719e-01
2.730452404541547362e-01
8.219573665263801843e-01
4.849850902331341862e-01
3.875270248035885823e-01
2.793331054613418796e-01
5.877618632777569241e-01
6.632105432183730276e-01
4.242482232891627847e-01
1.053740640117496241e+00
7.556650715026936860e-01
1.087755728459834481e+00
5.402197198574871795e-01
1.151960492500849975e+00
3.551798602112610226e-01
1.098867887258415221e+00
8.624662736531107932e-01
1.127617962792163420e+00
1.477362154819584772e+00
1.545954457695340789e+00
1.053878301006802021e+00
9.207818322901374364e-01
1.070515111927391017e+00
6.198285900932658521e-01
2.776165607623418130e-01
7.083222637248318687e-01
6.691347537821858982e-01
9.647522168643341001e-02
7.067420024365906883e-01
1.127241357027721769e+00
5.109206190064401465e-01
1.619094596791903484e-01
3.515422050876680360e-01
9.631091904626301048e-01
3.050444088933850773e-01
1.714423489858214467e-01
3.375265485287489153e-01
3.668890738862070622e-01
4.303651319780797957e-01
-8.524621382318231522e-02
1.460655786574382442e-01
2.040520024109237496e-01
3.882155019792909445e-01
-3.036240689560502568e-02
-4.950584614900467861e-01
5.213014290055201228e-01
1.843358860977510061e-01
2.759988761319612238e-01
-3.299805624062557285e-01
7.999996460702142320e-01
4.632306077021182134e-01
-2.142185915214036007e-01
4.533137576241649813e-01
9.819567245667317756e-01
7.757906306482318382e-01
-4.143095176090993981e-02
4.301542122866764406e-01
1.057923260270039023e+00
6.793556587062399288e-01
4.256706950663331490e-01
1.005767766731494595e+00
6.650608357554830263e-01
6.040521255805301193e-01
1.013462327288145115e+00
5.329827698488305288e-01
1.311961587558413633e+00
4.746490828832869435e-01
7.175178613944892536e-01
1.256191912825052492e+00
1.379786323943422932e+00
8.317292297102947263e-01
5.518907987665677695e-01
1.149157344707169237e+00
6.350971202154561679e-01
1.163203552567977805e+00
5.499351671539158826e-01
1.008758027320530770e+00
8.316248341749147288e-01
5.757515692145256381e-01
7.325266339041455188e-01
4.945343665751784079e-01
4.720664682657135791e-01
2.195219155630471486e-01
1.685759709148188235e-01
3.864692565607222852e-01
5.146801464652065450e-01
5.260429216491883109e-01
2.276760211004225098e-01
-1.833497444872395077e-01
-2.597905368036569351e-01
6.176181571947190196e-01
-3.254084017457243849e-01
6.513980358530708781e-01
4.410402682973669775e-01
-2.502712990035593221e-01
-1.760166943353881630e-01
9.192846173327388903e-02
6.843422633081254480e-02
5.663649310095092426e-01
1.971074995243092820e-01
6.752387646054960335e-01
5.309352541948904047e-01
-1.827693702206600879e-02
4.152985162968546029e-01
4.976244719428168928e-01
9.082879006993389570e-01
1.306931570651060692e+00
5.494261055610744071e-01
6.476269703550011636e-01
6.555908417586141512e-01
5.360812165733305212e-01
1.020863749095364037e+00
1.206934304702154792e+00
1.020806594807587064e+00
6.725590214430804403e-01
1.155405029615566459e+00
2.291404218711240448e-01
1.325824300612356010e+00
1.016081836154487217e+00
1.074070875632593403e+00
4.462609986164231546e-01
6.941847203490058016e-01
1.117950202021281481e+00
3.560390690584719908e-01
7.056884343248543967e-01
1.142949423015076960e+00
3.697592781215400248e-01
6.047387233375945970e-01
2.462930516383974311e-01
4.174166345383775178e-01
3.346557757917749676e-01
-7.343230606708484043e-02
5.174228667574026774e-01
-5.068779952121948984e-02
5.591535770330458011e-01
-7.739609201990560461e-02
2.019710322600015706e-02
4.847409173486030842e-01
1.673424680593378899e-01
-9.537817853497437826e-01
3.469707621434406364e-01
-1.535528239375294479e-02
1.151641676056711777e-02
-4.300749805071199527e-02
-4.191081677942016248e-01
-2.082619958933048798e-01
9.922922493113645048e-02
1.754635409336202378e-01
-3.953278637517962379e-02
-8.960573682040912091e-02
1.916440632779053965e-01
4.487942986808144408e-01
3.489769974664915231e-01
3.741080954428683825e-01
6.270541477064174307e-01
3.753052487182572117e-01
1.043218586893896571e+00
7.477819853928738825e-01
6.135002368156052821e-01
8.465431698714487307e-01
4.556783742664975989e-01
6.552459174835061351e-01
9.424377039615657869e-01
8.884577511610061151e-01
9.513191630077381111e-01
9.559708482507263128e-01
1.037166940126994508e+00
4.662961109261858361e-01
8.668969003440998300e-01
1.416580651827128667e+00
6.051354567798188366e-01
1.130508593630577874e+00
7.586883708098477452e-01
9.941165745367236406e-01
7.678744989375387853e-01
7.219664352611092628e-01
1.097191796785780049e+00
8.827153597618787595e-01
4.334026705711458982e-01
3.104004257732874139e-01
4.806641618719967313e-01
4.304579576587928003e-01
2.581676904759011570e-01
-2.099189719396667986e-01
4.712382352167064914e-01
4.883410415425398776e-01
4.026357799543996419e-01
5.671668844903443585e-01
-5.055755394283893978e-01
1.174072998388960287e-01
9.728292613059295879e-02
9.843311474127763860e-02
1.266621672901494522e-01
9.871922574429727038e-02
4.642933053272920163e-01
-3.312484593364379837e-01
1.829484272623244923e-01
3.907433583400483079e-01
-3.731069470941045241e-01
6.315772239478101291e-01
1.755004981550944421e-01
4.138154000211502481e-03
4.730090790656079069e-01
4.380700869784902030e-01
3.514557249586438004e-01
5.206105674274129624e-01
8.113864423735897002e-01
5.447957876958122725e-01
4.171720274985168952e-01
5.271693765727492043e-02
1.063605944622233013e+00
9.066487885162614058e-01
2.988415021738481392e-01
5.263416729288850071e-01
9.752171736431137772e-01
7.182357437211200901e-01
-2.406156708474149752e-02
7.399226448886884189e-01
7.663897155521168791e-01
8.542452047125590475e-01
8.486531063173111678e-01
6.829247608688249205e-01
7.484703565090474742e-01
6.556734696346490088e-01
8.709417624539887992e-01
7.811389257903473826e-01
1.349136991388665496e+00
7.717504266040131622e-01
4.775728143504824885e-01
1.022750130471016483e+00
7.993537863035441449e-01
3.419633031971908155e-01
2.613868939398112934e-01
6.155475975270554567e-01
2.696053039352112601e-01
-1.531691988944418603e-01
2.511807234642386977e-01
1.685035961841133134e-01
6.882860158511183712e-02
3.212832404034904332e-01
1.889924638885204233e-01
1.460934802567676050e-03
-2.199316502297846421e-01
